1.160045000000000037e+01 0.000000000000000000e+00
1.160035000000000061e+01 1.000000000000000048e-04
1.159985000000000177e+01 1.000000000000000048e-04
1.159934999999999938e+01 1.000000000000000048e-04
1.159885000000000055e+01 1.000000000000000048e-04
1.159834999999999816e+01 1.000000000000000048e-04
1.159784999999999933e+01 1.000000000000000048e-04
1.159735000000000049e+01 1.000000000000000048e-04
1.159684999999999988e+01 1.000000000000000048e-04
1.159634999999999927e+01 1.000000000000000048e-04
1.159585000000000043e+01 1.000000000000000048e-04
1.159534999999999982e+01 1.000000000000000048e-04
1.159485000000000099e+01 2.000000000000000096e-04
1.159435000000000038e+01 2.000000000000000096e-04
1.159384999999999977e+01 2.000000000000000096e-04
1.159334999999999916e+01 2.000000000000000096e-04
1.159285000000000210e+01 2.000000000000000096e-04
1.159234999999999971e+01 2.000000000000000096e-04
1.159185000000000088e+01 2.000000000000000096e-04
1.159135000000000026e+01 2.000000000000000096e-04
1.159084999999999965e+01 2.000000000000000096e-04
1.159035000000000082e+01 2.000000000000000096e-04
1.158985000000000021e+01 2.000000000000000096e-04
1.158934999999999960e+01 2.000000000000000096e-04
1.158885000000000076e+01 2.000000000000000096e-04
1.158835000000000015e+01 2.000000000000000096e-04
1.158784999999999776e+01 2.000000000000000096e-04
1.158735000000000070e+01 2.000000000000000096e-04
1.158685000000000009e+01 2.000000000000000096e-04
1.158634999999999948e+01 2.999999999999999737e-04
1.158585000000000242e+01 2.999999999999999737e-04
1.158535000000000004e+01 2.999999999999999737e-04
1.158484999999999943e+01 2.999999999999999737e-04
1.158435000000000059e+01 2.999999999999999737e-04
1.158384999999999998e+01 2.999999999999999737e-04
1.158334999999999937e+01 2.999999999999999737e-04
1.158285000000000053e+01 2.999999999999999737e-04
1.158234999999999992e+01 2.999999999999999737e-04
1.158184999999999931e+01 2.999999999999999737e-04
1.158135000000000048e+01 2.999999999999999737e-04
1.158084999999999809e+01 2.999999999999999737e-04
1.158034999999999926e+01 2.999999999999999737e-04
1.157985000000000042e+01 2.999999999999999737e-04
1.157934999999999981e+01 4.000000000000000192e-04
1.157884999999999920e+01 4.000000000000000192e-04
1.157835000000000036e+01 4.000000000000000192e-04
1.157784999999999975e+01 4.000000000000000192e-04
1.157735000000000092e+01 4.000000000000000192e-04
1.157685000000000031e+01 4.000000000000000192e-04
1.157634999999999970e+01 4.000000000000000192e-04
1.157585000000000086e+01 4.000000000000000192e-04
1.157535000000000203e+01 4.000000000000000192e-04
1.157484999999999964e+01 4.000000000000000192e-04
1.157435000000000080e+01 4.000000000000000192e-04
1.157384999999999842e+01 4.000000000000000192e-04
1.157334999999999958e+01 5.000000000000000104e-04
1.157285000000000075e+01 5.000000000000000104e-04
1.157235000000000014e+01 5.000000000000000104e-04
1.157184999999999953e+01 5.000000000000000104e-04
1.157135000000000069e+01 5.000000000000000104e-04
1.157085000000000008e+01 5.000000000000000104e-04
1.157035000000000124e+01 5.000000000000000104e-04
1.156985000000000063e+01 5.000000000000000104e-04
1.156935000000000002e+01 5.000000000000000104e-04
1.156884999999999941e+01 5.000000000000000104e-04
1.156835000000000235e+01 5.999999999999999474e-04
1.156784999999999997e+01 5.999999999999999474e-04
1.156734999999999935e+01 5.999999999999999474e-04
1.156684999999999874e+01 5.999999999999999474e-04
1.156634999999999991e+01 5.999999999999999474e-04
1.156584999999999930e+01 5.999999999999999474e-04
1.156535000000000046e+01 5.999999999999999474e-04
1.156484999999999985e+01 5.999999999999999474e-04
1.156434999999999924e+01 5.999999999999999474e-04
1.156385000000000041e+01 5.999999999999999474e-04
1.156334999999999802e+01 5.999999999999999474e-04
1.156284999999999918e+01 5.999999999999999474e-04
1.156235000000000035e+01 6.999999999999999929e-04
1.156184999999999974e+01 6.999999999999999929e-04
1.156134999999999913e+01 6.999999999999999929e-04
1.156085000000000029e+01 6.999999999999999929e-04
1.156034999999999968e+01 6.999999999999999929e-04
1.155985000000000085e+01 6.999999999999999929e-04
1.155935000000000024e+01 6.999999999999999929e-04
1.155884999999999962e+01 6.999999999999999929e-04
1.155835000000000079e+01 6.999999999999999929e-04
1.155785000000000018e+01 6.999999999999999929e-04
1.155734999999999957e+01 6.999999999999999929e-04
1.155685000000000073e+01 6.999999999999999929e-04
1.155634999999999835e+01 6.999999999999999929e-04
1.155584999999999951e+01 6.999999999999999929e-04
1.155535000000000068e+01 6.999999999999999929e-04
1.155485000000000007e+01 6.999999999999999929e-04
1.155434999999999945e+01 6.999999999999999929e-04
1.155385000000000062e+01 6.999999999999999929e-04
1.155335000000000001e+01 6.999999999999999929e-04
1.155285000000000117e+01 6.999999999999999929e-04
1.155235000000000056e+01 6.999999999999999929e-04
1.155184999999999995e+01 6.999999999999999929e-04
1.155134999999999756e+01 6.999999999999999929e-04
1.155085000000000051e+01 6.999999999999999929e-04
1.155034999999999989e+01 6.999999999999999929e-04
1.154984999999999928e+01 6.999999999999999929e-04
1.154934999999999867e+01 6.999999999999999929e-04
1.154884999999999984e+01 6.999999999999999929e-04
1.154834999999999923e+01 6.999999999999999929e-04
1.154785000000000039e+01 6.999999999999999929e-04
1.154734999999999978e+01 6.999999999999999929e-04
1.154684999999999917e+01 6.999999999999999929e-04
1.154635000000000034e+01 6.999999999999999929e-04
1.154585000000000150e+01 6.999999999999999929e-04
1.154534999999999911e+01 5.999999999999999474e-04
1.154485000000000028e+01 5.999999999999999474e-04
1.154434999999999967e+01 5.999999999999999474e-04
1.154385000000000261e+01 5.999999999999999474e-04
1.154335000000000022e+01 5.999999999999999474e-04
1.154284999999999961e+01 5.999999999999999474e-04
1.154234999999999900e+01 5.999999999999999474e-04
1.154185000000000016e+01 5.999999999999999474e-04
1.154134999999999955e+01 5.999999999999999474e-04
1.154085000000000072e+01 5.999999999999999474e-04
1.154035000000000011e+01 5.999999999999999474e-04
1.153984999999999950e+01 5.999999999999999474e-04
1.153935000000000066e+01 5.999999999999999474e-04
1.153885000000000183e+01 5.999999999999999474e-04
1.153834999999999944e+01 5.999999999999999474e-04
1.153785000000000061e+01 5.999999999999999474e-04
1.153734999999999999e+01 5.000000000000000104e-04
1.153684999999999938e+01 5.000000000000000104e-04
1.153635000000000055e+01 5.000000000000000104e-04
1.153584999999999994e+01 5.000000000000000104e-04
1.153534999999999933e+01 5.000000000000000104e-04
1.153485000000000049e+01 5.000000000000000104e-04
1.153434999999999988e+01 5.000000000000000104e-04
1.153384999999999749e+01 5.000000000000000104e-04
1.153335000000000043e+01 5.000000000000000104e-04
1.153284999999999982e+01 5.000000000000000104e-04
1.153234999999999921e+01 5.000000000000000104e-04
1.153184999999999860e+01 5.000000000000000104e-04
1.153134999999999977e+01 5.000000000000000104e-04
1.153084999999999916e+01 5.000000000000000104e-04
1.153035000000000032e+01 5.000000000000000104e-04
1.152984999999999971e+01 5.000000000000000104e-04
1.152935000000000088e+01 5.000000000000000104e-04
1.152885000000000026e+01 5.000000000000000104e-04
1.152835000000000143e+01 5.999999999999999474e-04
1.152785000000000082e+01 5.999999999999999474e-04
1.152735000000000021e+01 5.999999999999999474e-04
1.152684999999999782e+01 5.999999999999999474e-04
1.152635000000000076e+01 5.999999999999999474e-04
1.152585000000000015e+01 5.999999999999999474e-04
1.152534999999999954e+01 5.999999999999999474e-04
1.152484999999999893e+01 5.999999999999999474e-04
1.152435000000000009e+01 5.999999999999999474e-04
1.152384999999999948e+01 5.999999999999999474e-04
1.152335000000000065e+01 6.999999999999999929e-04
1.152285000000000004e+01 6.999999999999999929e-04
1.152234999999999943e+01 6.999999999999999929e-04
1.152185000000000059e+01 6.999999999999999929e-04
1.152135000000000176e+01 6.999999999999999929e-04
1.152084999999999937e+01 6.999999999999999929e-04
1.152035000000000053e+01 6.999999999999999929e-04
1.151984999999999815e+01 8.000000000000000383e-04
1.151934999999999931e+01 8.000000000000000383e-04
1.151885000000000048e+01 8.000000000000000383e-04
1.151834999999999987e+01 8.000000000000000383e-04
1.151784999999999926e+01 8.000000000000000383e-04
1.151735000000000042e+01 8.000000000000000383e-04
1.151684999999999981e+01 8.999999999999999754e-04
1.151634999999999742e+01 8.999999999999999754e-04
1.151585000000000036e+01 8.999999999999999754e-04
1.151534999999999975e+01 8.999999999999999754e-04
1.151484999999999914e+01 8.999999999999999754e-04
1.151435000000000208e+01 8.999999999999999754e-04
1.151384999999999970e+01 8.999999999999999754e-04
1.151335000000000086e+01 1.000000000000000021e-03
1.151285000000000025e+01 1.000000000000000021e-03
1.151234999999999964e+01 1.000000000000000021e-03
1.151185000000000080e+01 1.000000000000000021e-03
1.151135000000000019e+01 1.000000000000000021e-03
1.151084999999999958e+01 1.000000000000000021e-03
1.151035000000000075e+01 1.100000000000000066e-03
1.150985000000000014e+01 1.100000000000000066e-03
1.150934999999999775e+01 1.100000000000000066e-03
1.150885000000000069e+01 1.100000000000000066e-03
1.150835000000000008e+01 1.100000000000000066e-03
1.150784999999999947e+01 1.100000000000000066e-03
1.150735000000000241e+01 1.100000000000000066e-03
1.150685000000000002e+01 1.199999999999999895e-03
1.150634999999999941e+01 1.199999999999999895e-03
1.150585000000000058e+01 1.199999999999999895e-03
1.150534999999999997e+01 1.199999999999999895e-03
1.150484999999999935e+01 1.199999999999999895e-03
1.150435000000000052e+01 1.199999999999999895e-03
1.150384999999999991e+01 1.199999999999999895e-03
1.150334999999999930e+01 1.199999999999999895e-03
1.150285000000000046e+01 1.199999999999999895e-03
1.150234999999999808e+01 1.199999999999999895e-03
1.150184999999999924e+01 1.299999999999999940e-03
1.150135000000000041e+01 1.299999999999999940e-03
1.150084999999999980e+01 1.299999999999999940e-03
1.150034999999999918e+01 1.299999999999999940e-03
1.149985000000000035e+01 1.299999999999999940e-03
1.149934999999999974e+01 1.299999999999999940e-03
1.149885000000000090e+01 1.299999999999999940e-03
1.149835000000000029e+01 1.299999999999999940e-03
1.149784999999999968e+01 1.299999999999999940e-03
1.149735000000000085e+01 1.299999999999999940e-03
1.149685000000000201e+01 1.299999999999999940e-03
1.149634999999999962e+01 1.299999999999999940e-03
1.149585000000000079e+01 1.299999999999999940e-03
1.149534999999999840e+01 1.299999999999999940e-03
1.149484999999999957e+01 1.299999999999999940e-03
1.149435000000000073e+01 1.299999999999999940e-03
1.149385000000000012e+01 1.399999999999999986e-03
1.149334999999999951e+01 1.399999999999999986e-03
1.149285000000000068e+01 1.399999999999999986e-03
1.149235000000000007e+01 1.399999999999999986e-03
1.149185000000000123e+01 1.399999999999999986e-03
1.149135000000000062e+01 1.399999999999999986e-03
1.149085000000000001e+01 1.399999999999999986e-03
1.149034999999999940e+01 1.399999999999999986e-03
1.148985000000000234e+01 1.399999999999999986e-03
1.148934999999999995e+01 1.399999999999999986e-03
1.148884999999999934e+01 1.399999999999999986e-03
1.148834999999999873e+01 1.399999999999999986e-03
1.148784999999999989e+01 1.399999999999999986e-03
1.148734999999999928e+01 1.500000000000000031e-03
1.148685000000000045e+01 1.500000000000000031e-03
1.148634999999999984e+01 1.500000000000000031e-03
1.148584999999999923e+01 1.500000000000000031e-03
1.148535000000000039e+01 1.500000000000000031e-03
1.148484999999999800e+01 1.500000000000000031e-03
1.148434999999999917e+01 1.500000000000000031e-03
1.148385000000000034e+01 1.500000000000000031e-03
1.148334999999999972e+01 1.500000000000000031e-03
1.148284999999999911e+01 1.600000000000000077e-03
1.148235000000000028e+01 1.600000000000000077e-03
1.148184999999999967e+01 1.600000000000000077e-03
1.148135000000000083e+01 1.600000000000000077e-03
1.148085000000000022e+01 1.600000000000000077e-03
1.148034999999999961e+01 1.600000000000000077e-03
1.147985000000000078e+01 1.699999999999999905e-03
1.147935000000000016e+01 1.699999999999999905e-03
1.147884999999999955e+01 1.699999999999999905e-03
1.147835000000000072e+01 1.699999999999999905e-03
1.147784999999999833e+01 1.699999999999999905e-03
1.147734999999999950e+01 1.799999999999999951e-03
1.147685000000000066e+01 1.799999999999999951e-03
1.147635000000000005e+01 1.799999999999999951e-03
1.147584999999999944e+01 1.799999999999999951e-03
1.147535000000000061e+01 1.799999999999999951e-03
1.147484999999999999e+01 1.899999999999999996e-03
1.147435000000000116e+01 1.899999999999999996e-03
1.147385000000000055e+01 1.899999999999999996e-03
1.147334999999999994e+01 2.000000000000000042e-03
1.147284999999999755e+01 2.000000000000000042e-03
1.147235000000000227e+01 2.000000000000000042e-03
1.147184999999999988e+01 2.000000000000000042e-03
1.147134999999999927e+01 2.099999999999999870e-03
1.147084999999999866e+01 2.099999999999999870e-03
1.147034999999999982e+01 2.099999999999999870e-03
1.146984999999999921e+01 2.200000000000000133e-03
1.146935000000000038e+01 2.200000000000000133e-03
1.146884999999999977e+01 2.200000000000000133e-03
1.146834999999999916e+01 2.299999999999999961e-03
1.146785000000000032e+01 2.299999999999999961e-03
1.146735000000000149e+01 2.299999999999999961e-03
1.146685000000000088e+01 2.399999999999999790e-03
1.146635000000000026e+01 2.399999999999999790e-03
1.146584999999999965e+01 2.500000000000000052e-03
1.146535000000000259e+01 2.500000000000000052e-03
1.146485000000000021e+01 2.500000000000000052e-03
1.146434999999999960e+01 2.599999999999999881e-03
1.146384999999999899e+01 2.599999999999999881e-03
1.146335000000000015e+01 2.700000000000000143e-03
1.146284999999999954e+01 2.700000000000000143e-03
1.146235000000000070e+01 2.799999999999999972e-03
1.146185000000000009e+01 2.799999999999999972e-03
1.146134999999999948e+01 2.899999999999999800e-03
1.146085000000000065e+01 2.899999999999999800e-03
1.146035000000000181e+01 2.899999999999999800e-03
1.145984999999999943e+01 3.000000000000000062e-03
1.145935000000000059e+01 3.099999999999999891e-03
1.145884999999999998e+01 3.099999999999999891e-03
1.145834999999999937e+01 3.200000000000000153e-03
1.145785000000000053e+01 3.200000000000000153e-03
1.145734999999999992e+01 3.299999999999999982e-03
1.145684999999999931e+01 3.299999999999999982e-03
1.145635000000000048e+01 3.399999999999999811e-03
1.145584999999999987e+01 3.399999999999999811e-03
1.145534999999999748e+01 3.500000000000000073e-03
1.145485000000000042e+01 3.599999999999999901e-03
1.145434999999999981e+01 3.599999999999999901e-03
1.145384999999999920e+01 3.700000000000000164e-03
1.145334999999999859e+01 3.799999999999999992e-03
1.145284999999999975e+01 3.799999999999999992e-03
1.145234999999999914e+01 3.899999999999999821e-03
1.145185000000000031e+01 4.000000000000000083e-03
1.145134999999999970e+01 4.000000000000000083e-03
1.145085000000000086e+01 4.100000000000000346e-03
1.145035000000000025e+01 4.199999999999999740e-03
1.144985000000000142e+01 4.300000000000000003e-03
1.144935000000000080e+01 4.300000000000000003e-03
1.144885000000000019e+01 4.400000000000000265e-03
1.144834999999999781e+01 4.499999999999999660e-03
1.144785000000000075e+01 4.599999999999999922e-03
1.144735000000000014e+01 4.700000000000000185e-03
1.144684999999999953e+01 4.799999999999999580e-03
1.144634999999999891e+01 4.799999999999999580e-03
1.144585000000000008e+01 4.899999999999999842e-03
1.144534999999999947e+01 5.000000000000000104e-03
1.144485000000000063e+01 5.100000000000000366e-03
1.144435000000000002e+01 5.199999999999999761e-03
1.144384999999999941e+01 5.300000000000000024e-03
1.144335000000000058e+01 5.400000000000000286e-03
1.144285000000000174e+01 5.499999999999999681e-03
1.144234999999999935e+01 5.599999999999999943e-03
1.144185000000000052e+01 5.700000000000000205e-03
1.144134999999999813e+01 5.799999999999999600e-03
1.144084999999999930e+01 5.899999999999999863e-03
1.144035000000000046e+01 6.100000000000000387e-03
1.143984999999999985e+01 6.199999999999999782e-03
1.143934999999999924e+01 6.300000000000000044e-03
1.143885000000000041e+01 6.400000000000000307e-03
1.143834999999999980e+01 6.499999999999999702e-03
1.143784999999999741e+01 6.599999999999999964e-03
1.143735000000000035e+01 6.799999999999999621e-03
1.143684999999999974e+01 6.899999999999999883e-03
1.143634999999999913e+01 7.000000000000000146e-03
1.143585000000000207e+01 7.199999999999999803e-03
1.143534999999999968e+01 7.300000000000000065e-03
1.143485000000000085e+01 7.499999999999999722e-03
1.143435000000000024e+01 7.599999999999999985e-03
1.143384999999999962e+01 7.700000000000000247e-03
1.143335000000000079e+01 7.900000000000000772e-03
1.143285000000000018e+01 8.000000000000000167e-03
1.143234999999999957e+01 8.200000000000000691e-03
1.143185000000000073e+01 8.399999999999999481e-03
1.143135000000000012e+01 8.500000000000000611e-03
1.143084999999999773e+01 8.699999999999999400e-03
1.143035000000000068e+01 8.899999999999999925e-03
1.142985000000000007e+01 8.999999999999999320e-03
1.142934999999999945e+01 9.199999999999999845e-03
1.142885000000000240e+01 9.400000000000000369e-03
1.142835000000000001e+01 9.599999999999999159e-03
1.142784999999999940e+01 9.799999999999999684e-03
1.142735000000000056e+01 1.000000000000000021e-02
1.142684999999999995e+01 1.020000000000000073e-02
1.142634999999999934e+01 1.039999999999999952e-02
1.142585000000000051e+01 1.069999999999999944e-02
1.142535000000000167e+01 1.089999999999999997e-02
1.142484999999999928e+01 1.110000000000000049e-02
1.142435000000000045e+01 1.140000000000000041e-02
1.142384999999999806e+01 1.159999999999999920e-02
1.142334999999999923e+01 1.190000000000000085e-02
1.142285000000000039e+01 1.220000000000000077e-02
1.142234999999999978e+01 1.250000000000000069e-02
1.142184999999999917e+01 1.269999999999999948e-02
1.142135000000000034e+01 1.299999999999999940e-02
1.142084999999999972e+01 1.329999999999999932e-02
1.142035000000000089e+01 1.370000000000000037e-02
1.141985000000000028e+01 1.400000000000000029e-02
1.141934999999999967e+01 1.430000000000000021e-02
1.141885000000000083e+01 1.469999999999999953e-02
1.141835000000000200e+01 1.499999999999999944e-02
1.141784999999999961e+01 1.540000000000000049e-02
1.141735000000000078e+01 1.580000000000000154e-02
1.141684999999999839e+01 1.619999999999999912e-02
1.141634999999999955e+01 1.660000000000000017e-02
1.141585000000000072e+01 1.700000000000000122e-02
1.141535000000000011e+01 1.739999999999999880e-02
1.141484999999999950e+01 1.779999999999999985e-02
1.141435000000000066e+01 1.830000000000000029e-02
1.141385000000000005e+01 1.880000000000000074e-02
1.141335000000000122e+01 1.930000000000000118e-02
1.141285000000000061e+01 1.969999999999999876e-02
1.141234999999999999e+01 2.029999999999999860e-02
1.141184999999999938e+01 2.079999999999999905e-02
1.141135000000000232e+01 2.129999999999999949e-02
1.141084999999999994e+01 2.189999999999999933e-02
1.141034999999999933e+01 2.249999999999999917e-02
1.140984999999999872e+01 2.309999999999999901e-02
1.140934999999999988e+01 2.369999999999999885e-02
1.140884999999999927e+01 2.429999999999999868e-02
1.140835000000000043e+01 2.489999999999999852e-02
1.140784999999999982e+01 2.560000000000000123e-02
1.140734999999999921e+01 2.630000000000000046e-02
1.140685000000000038e+01 2.699999999999999969e-02
1.140634999999999799e+01 2.769999999999999893e-02
1.140584999999999916e+01 2.840000000000000163e-02
1.140535000000000032e+01 2.920000000000000026e-02
1.140484999999999971e+01 2.989999999999999949e-02
1.140435000000000265e+01 3.070000000000000159e-02
1.140385000000000026e+01 3.150000000000000022e-02
1.140334999999999965e+01 3.239999999999999825e-02
1.140285000000000082e+01 3.320000000000000034e-02
1.140235000000000021e+01 3.409999999999999837e-02
1.140184999999999960e+01 3.500000000000000333e-02
1.140135000000000076e+01 3.590000000000000135e-02
1.140085000000000015e+01 3.679999999999999938e-02
1.140034999999999954e+01 3.780000000000000027e-02
1.139985000000000070e+01 3.880000000000000115e-02
1.139934999999999832e+01 3.980000000000000204e-02
1.139884999999999948e+01 4.080000000000000293e-02
1.139835000000000065e+01 4.189999999999999974e-02
1.139785000000000004e+01 4.290000000000000063e-02
1.139734999999999943e+01 4.399999999999999745e-02
1.139685000000000059e+01 4.510000000000000120e-02
1.139634999999999998e+01 4.630000000000000088e-02
1.139585000000000115e+01 4.750000000000000056e-02
1.139535000000000053e+01 4.870000000000000023e-02
1.139484999999999992e+01 4.989999999999999991e-02
1.139434999999999754e+01 5.109999999999999959e-02
1.139385000000000225e+01 5.240000000000000213e-02
1.139334999999999987e+01 5.369999999999999774e-02
1.139284999999999926e+01 5.500000000000000028e-02
1.139234999999999864e+01 5.639999999999999875e-02
1.139184999999999981e+01 5.779999999999999721e-02
1.139134999999999920e+01 5.920000000000000262e-02
1.139085000000000036e+01 6.069999999999999701e-02
1.139034999999999975e+01 6.210000000000000242e-02
1.138984999999999914e+01 6.370000000000000662e-02
1.138935000000000031e+01 6.519999999999999407e-02
1.138885000000000147e+01 6.679999999999999827e-02
1.138835000000000086e+01 6.840000000000000246e-02
1.138785000000000025e+01 7.000000000000000666e-02
1.138734999999999964e+01 7.169999999999999984e-02
1.138685000000000258e+01 7.340000000000000691e-02
1.138635000000000019e+01 7.520000000000000295e-02
1.138584999999999958e+01 7.699999999999999900e-02
1.138534999999999897e+01 7.879999999999999505e-02
1.138485000000000014e+01 8.069999999999999396e-02
1.138434999999999953e+01 8.250000000000000389e-02
1.138385000000000069e+01 8.450000000000000566e-02
1.138335000000000008e+01 8.640000000000000457e-02
1.138284999999999947e+01 8.840000000000000635e-02
1.138235000000000063e+01 9.039999999999999425e-02
1.138185000000000180e+01 9.249999999999999889e-02
1.138134999999999941e+01 9.450000000000000067e-02
1.138085000000000058e+01 9.660000000000000531e-02
1.138034999999999997e+01 9.879999999999999893e-02
1.137984999999999935e+01 1.009000000000000036e-01
1.137935000000000052e+01 1.030999999999999972e-01
1.137884999999999991e+01 1.052000000000000018e-01
1.137834999999999930e+01 1.073999999999999955e-01
1.137785000000000046e+01 1.096000000000000030e-01
1.137734999999999985e+01 1.118999999999999995e-01
1.137684999999999746e+01 1.140999999999999931e-01
1.137635000000000041e+01 1.164000000000000035e-01
1.137584999999999980e+01 1.187000000000000000e-01
1.137534999999999918e+01 1.208999999999999936e-01
1.137484999999999857e+01 1.232000000000000040e-01
1.137434999999999974e+01 1.255000000000000004e-01
1.137384999999999913e+01 1.279000000000000137e-01
1.137335000000000029e+01 1.302000000000000102e-01
1.137284999999999968e+01 1.325000000000000067e-01
1.137235000000000085e+01 1.348000000000000032e-01
1.137185000000000024e+01 1.370999999999999996e-01
1.137135000000000140e+01 1.395000000000000129e-01
1.137085000000000079e+01 1.418000000000000094e-01
1.137035000000000018e+01 1.441000000000000059e-01
1.136984999999999779e+01 1.464999999999999913e-01
1.136935000000000073e+01 1.487999999999999878e-01
1.136885000000000012e+01 1.511000000000000121e-01
1.136834999999999951e+01 1.534000000000000086e-01
1.136784999999999890e+01 1.557000000000000051e-01
1.136735000000000007e+01 1.580000000000000016e-01
1.136684999999999945e+01 1.602999999999999980e-01
1.136635000000000062e+01 1.625999999999999945e-01
1.136585000000000001e+01 1.648000000000000020e-01
1.136534999999999940e+01 1.670999999999999985e-01
1.136485000000000056e+01 1.693000000000000060e-01
1.136435000000000173e+01 1.716000000000000025e-01
1.136384999999999934e+01 1.738000000000000100e-01
1.136335000000000051e+01 1.759999999999999898e-01
1.136284999999999812e+01 1.781000000000000083e-01
1.136234999999999928e+01 1.802999999999999881e-01
1.136185000000000045e+01 1.824000000000000066e-01
1.136134999999999984e+01 1.844999999999999973e-01
1.136084999999999923e+01 1.865999999999999881e-01
1.136035000000000039e+01 1.885999999999999899e-01
1.135984999999999978e+01 1.905999999999999917e-01
1.135934999999999739e+01 1.927000000000000102e-01
1.135885000000000034e+01 1.945999999999999952e-01
1.135834999999999972e+01 1.965999999999999970e-01
1.135784999999999911e+01 1.985000000000000098e-01
1.135735000000000205e+01 2.003999999999999948e-01
1.135684999999999967e+01 2.023000000000000076e-01
1.135635000000000083e+01 2.041000000000000036e-01
1.135585000000000022e+01 2.058999999999999997e-01
1.135534999999999961e+01 2.076999999999999957e-01
1.135485000000000078e+01 2.094999999999999918e-01
1.135435000000000016e+01 2.111999999999999988e-01
1.135384999999999955e+01 2.129000000000000059e-01
1.135335000000000072e+01 2.146000000000000130e-01
1.135285000000000011e+01 2.162000000000000033e-01
1.135234999999999772e+01 2.179000000000000103e-01
1.135185000000000066e+01 2.194000000000000117e-01
1.135135000000000005e+01 2.210000000000000020e-01
1.135084999999999944e+01 2.225000000000000033e-01
1.135035000000000238e+01 2.240000000000000047e-01
1.134984999999999999e+01 2.255000000000000060e-01
1.134934999999999938e+01 2.268999999999999906e-01
1.134885000000000055e+01 2.283000000000000029e-01
1.134834999999999994e+01 2.295999999999999985e-01
1.134784999999999933e+01 2.310000000000000109e-01
1.134735000000000049e+01 2.321999999999999897e-01
1.134685000000000166e+01 2.335000000000000131e-01
1.134634999999999927e+01 2.346999999999999920e-01
1.134585000000000043e+01 2.358999999999999986e-01
1.134534999999999805e+01 2.369999999999999885e-01
1.134484999999999921e+01 2.381000000000000061e-01
1.134435000000000038e+01 2.391999999999999960e-01
1.134384999999999977e+01 2.401999999999999968e-01
1.134334999999999916e+01 2.411999999999999977e-01
1.134285000000000032e+01 2.421000000000000096e-01
1.134234999999999971e+01 2.429999999999999938e-01
1.134185000000000088e+01 2.439000000000000057e-01
1.134135000000000026e+01 2.447000000000000008e-01
1.134084999999999965e+01 2.454999999999999960e-01
1.134035000000000082e+01 2.462000000000000022e-01
1.133985000000000198e+01 2.467999999999999916e-01
1.133934999999999960e+01 2.474999999999999978e-01
1.133885000000000076e+01 2.480999999999999872e-01
1.133834999999999837e+01 2.485999999999999877e-01
1.133784999999999954e+01 2.490999999999999881e-01
1.133735000000000070e+01 2.494999999999999996e-01
1.133685000000000009e+01 2.499000000000000110e-01
1.133634999999999948e+01 2.501999999999999780e-01
1.133585000000000065e+01 2.505000000000000004e-01
1.133535000000000004e+01 2.506999999999999784e-01
1.133485000000000120e+01 2.509000000000000119e-01
1.133435000000000059e+01 2.510999999999999899e-01
1.133384999999999998e+01 2.511999999999999789e-01
1.133334999999999937e+01 2.511999999999999789e-01
1.133285000000000231e+01 2.511999999999999789e-01
1.133234999999999992e+01 2.511999999999999789e-01
1.133184999999999931e+01 2.510999999999999899e-01
1.133134999999999870e+01 2.510999999999999899e-01
1.133084999999999987e+01 2.509000000000000119e-01
1.133034999999999926e+01 2.506999999999999784e-01
1.132985000000000042e+01 2.505000000000000004e-01
1.132934999999999981e+01 2.503000000000000225e-01
1.132884999999999920e+01 2.500999999999999890e-01
1.132835000000000036e+01 2.497999999999999943e-01
1.132784999999999798e+01 2.494000000000000106e-01
1.132734999999999914e+01 2.490999999999999881e-01
1.132685000000000031e+01 2.487000000000000044e-01
1.132634999999999970e+01 2.482999999999999929e-01
1.132585000000000264e+01 2.479000000000000092e-01
1.132535000000000025e+01 2.474999999999999978e-01
1.132484999999999964e+01 2.469999999999999973e-01
1.132435000000000080e+01 2.464999999999999969e-01
1.132385000000000019e+01 2.459999999999999964e-01
1.132334999999999958e+01 2.454999999999999960e-01
1.132285000000000075e+01 2.449999999999999956e-01
1.132235000000000014e+01 2.444000000000000061e-01
1.132184999999999953e+01 2.439000000000000057e-01
1.132135000000000069e+01 2.432999999999999885e-01
1.132084999999999830e+01 2.426999999999999991e-01
1.132034999999999947e+01 2.421000000000000096e-01
1.131985000000000063e+01 2.414999999999999925e-01
1.131935000000000002e+01 2.409000000000000030e-01
1.131884999999999941e+01 2.403000000000000136e-01
1.131835000000000058e+01 2.396999999999999964e-01
1.131784999999999997e+01 2.389999999999999902e-01
1.131735000000000113e+01 2.384000000000000008e-01
1.131685000000000052e+01 2.378000000000000114e-01
1.131634999999999991e+01 2.371999999999999942e-01
1.131584999999999752e+01 2.364999999999999880e-01
1.131535000000000224e+01 2.358999999999999986e-01
1.131484999999999985e+01 2.351999999999999924e-01
1.131434999999999924e+01 2.346000000000000030e-01
1.131384999999999863e+01 2.340000000000000135e-01
1.131334999999999980e+01 2.333999999999999964e-01
1.131284999999999918e+01 2.328000000000000069e-01
1.131235000000000035e+01 2.321999999999999897e-01
1.131184999999999974e+01 2.316000000000000003e-01
1.131134999999999913e+01 2.310000000000000109e-01
1.131085000000000029e+01 2.303999999999999937e-01
1.131035000000000146e+01 2.298000000000000043e-01
1.130985000000000085e+01 2.293000000000000038e-01
1.130935000000000024e+01 2.286999999999999866e-01
1.130884999999999962e+01 2.281999999999999862e-01
1.130835000000000257e+01 2.275999999999999968e-01
1.130785000000000018e+01 2.270999999999999963e-01
1.130734999999999957e+01 2.265999999999999959e-01
1.130684999999999896e+01 2.260999999999999954e-01
1.130635000000000012e+01 2.255999999999999950e-01
1.130584999999999951e+01 2.250999999999999945e-01
1.130535000000000068e+01 2.245999999999999941e-01
1.130485000000000007e+01 2.240999999999999936e-01
1.130434999999999945e+01 2.237000000000000099e-01
1.130385000000000062e+01 2.232000000000000095e-01
1.130335000000000178e+01 2.227999999999999980e-01
1.130284999999999940e+01 2.222999999999999976e-01
1.130235000000000056e+01 2.218999999999999861e-01
1.130184999999999995e+01 2.215000000000000024e-01
1.130134999999999934e+01 2.210999999999999910e-01
1.130085000000000051e+01 2.207000000000000073e-01
1.130034999999999989e+01 2.202999999999999958e-01
1.129984999999999928e+01 2.199000000000000121e-01
1.129935000000000045e+01 2.195999999999999897e-01
1.129884999999999984e+01 2.192000000000000060e-01
1.129834999999999745e+01 2.189000000000000112e-01
1.129785000000000039e+01 2.185999999999999888e-01
1.129734999999999978e+01 2.182999999999999940e-01
1.129684999999999917e+01 2.179000000000000103e-01
1.129634999999999856e+01 2.177000000000000046e-01
1.129584999999999972e+01 2.174000000000000099e-01
1.129534999999999911e+01 2.170999999999999874e-01
1.129485000000000028e+01 2.167999999999999927e-01
1.129434999999999967e+01 2.165999999999999870e-01
1.129385000000000083e+01 2.164000000000000090e-01
1.129335000000000022e+01 2.160999999999999865e-01
1.129285000000000139e+01 2.159000000000000086e-01
1.129235000000000078e+01 2.157000000000000028e-01
1.129185000000000016e+01 2.156000000000000139e-01
1.129134999999999778e+01 2.154000000000000081e-01
1.129085000000000072e+01 2.152999999999999914e-01
1.129035000000000011e+01 2.151000000000000134e-01
1.128984999999999950e+01 2.149999999999999967e-01
1.128934999999999889e+01 2.149000000000000077e-01
1.128885000000000005e+01 2.147999999999999909e-01
1.128834999999999944e+01 2.147000000000000020e-01
1.128785000000000061e+01 2.146000000000000130e-01
1.128734999999999999e+01 2.146000000000000130e-01
1.128684999999999938e+01 2.146000000000000130e-01
1.128635000000000055e+01 2.144999999999999962e-01
1.128585000000000171e+01 2.144999999999999962e-01
1.128534999999999933e+01 2.146000000000000130e-01
1.128485000000000049e+01 2.146000000000000130e-01
1.128434999999999810e+01 2.146000000000000130e-01
1.128384999999999927e+01 2.147000000000000020e-01
1.128335000000000043e+01 2.147000000000000020e-01
1.128284999999999982e+01 2.147999999999999909e-01
1.128234999999999921e+01 2.149000000000000077e-01
1.128185000000000038e+01 2.149999999999999967e-01
1.128134999999999977e+01 2.151000000000000134e-01
1.128084999999999738e+01 2.152000000000000024e-01
1.128035000000000032e+01 2.154000000000000081e-01
1.127984999999999971e+01 2.154999999999999971e-01
1.127935000000000088e+01 2.157000000000000028e-01
1.127885000000000204e+01 2.159000000000000086e-01
1.127834999999999965e+01 2.159999999999999976e-01
1.127785000000000082e+01 2.162000000000000033e-01
1.127735000000000021e+01 2.164000000000000090e-01
1.127684999999999960e+01 2.165999999999999870e-01
1.127635000000000076e+01 2.167999999999999927e-01
1.127585000000000015e+01 2.170999999999999874e-01
1.127534999999999954e+01 2.172999999999999932e-01
1.127485000000000070e+01 2.174999999999999989e-01
1.127435000000000009e+01 2.177999999999999936e-01
1.127384999999999771e+01 2.179999999999999993e-01
1.127335000000000065e+01 2.182999999999999940e-01
1.127285000000000004e+01 2.185999999999999888e-01
1.127234999999999943e+01 2.189000000000000112e-01
1.127185000000000237e+01 2.192000000000000060e-01
1.127134999999999998e+01 2.194000000000000117e-01
1.127084999999999937e+01 2.197000000000000064e-01
1.127035000000000053e+01 2.200000000000000011e-01
1.126984999999999992e+01 2.204000000000000126e-01
1.126934999999999931e+01 2.207000000000000073e-01
1.126885000000000048e+01 2.210000000000000020e-01
1.126835000000000164e+01 2.212999999999999967e-01
1.126784999999999926e+01 2.217000000000000082e-01
1.126735000000000042e+01 2.220000000000000029e-01
1.126684999999999803e+01 2.222999999999999976e-01
1.126634999999999920e+01 2.227000000000000091e-01
1.126585000000000036e+01 2.230000000000000038e-01
1.126534999999999975e+01 2.233999999999999875e-01
1.126484999999999914e+01 2.237000000000000099e-01
1.126435000000000031e+01 2.240999999999999936e-01
1.126384999999999970e+01 2.245000000000000051e-01
1.126335000000000086e+01 2.247999999999999998e-01
1.126285000000000025e+01 2.252000000000000113e-01
1.126234999999999964e+01 2.255999999999999950e-01
1.126185000000000080e+01 2.260000000000000064e-01
1.126135000000000197e+01 2.263000000000000012e-01
1.126084999999999958e+01 2.267000000000000126e-01
1.126035000000000075e+01 2.270999999999999963e-01
1.125984999999999836e+01 2.275000000000000078e-01
1.125934999999999953e+01 2.278999999999999915e-01
1.125885000000000069e+01 2.283000000000000029e-01
1.125835000000000008e+01 2.286999999999999866e-01
1.125784999999999947e+01 2.290999999999999981e-01
1.125735000000000063e+01 2.293999999999999928e-01
1.125685000000000002e+01 2.298000000000000043e-01
1.125635000000000119e+01 2.301999999999999880e-01
1.125585000000000058e+01 2.305999999999999994e-01
1.125534999999999997e+01 2.310000000000000109e-01
1.125484999999999935e+01 2.313999999999999946e-01
1.125435000000000230e+01 2.318000000000000060e-01
1.125384999999999991e+01 2.321999999999999897e-01
1.125334999999999930e+01 2.326000000000000012e-01
1.125284999999999869e+01 2.330000000000000127e-01
1.125234999999999985e+01 2.333999999999999964e-01
1.125184999999999924e+01 2.338000000000000078e-01
1.125135000000000041e+01 2.341000000000000025e-01
1.125084999999999980e+01 2.344999999999999862e-01
1.125034999999999918e+01 2.348999999999999977e-01
1.124985000000000035e+01 2.353000000000000091e-01
1.124934999999999796e+01 2.356999999999999929e-01
1.124884999999999913e+01 2.361000000000000043e-01
1.124835000000000029e+01 2.363999999999999990e-01
1.124784999999999968e+01 2.368000000000000105e-01
1.124735000000000262e+01 2.371999999999999942e-01
1.124685000000000024e+01 2.374999999999999889e-01
1.124634999999999962e+01 2.379000000000000004e-01
1.124585000000000079e+01 2.381999999999999951e-01
1.124535000000000018e+01 2.386000000000000065e-01
1.124484999999999957e+01 2.389999999999999902e-01
1.124435000000000073e+01 2.393000000000000127e-01
1.124385000000000012e+01 2.396000000000000074e-01
1.124334999999999951e+01 2.399999999999999911e-01
1.124285000000000068e+01 2.403000000000000136e-01
1.124234999999999829e+01 2.406000000000000083e-01
1.124184999999999945e+01 2.409000000000000030e-01
1.124135000000000062e+01 2.412999999999999867e-01
1.124085000000000001e+01 2.416000000000000092e-01
1.124034999999999940e+01 2.419000000000000039e-01
1.123985000000000056e+01 2.421999999999999986e-01
1.123934999999999995e+01 2.424999999999999933e-01
1.123885000000000112e+01 2.426999999999999991e-01
1.123835000000000051e+01 2.429999999999999938e-01
1.123784999999999989e+01 2.432999999999999885e-01
1.123734999999999751e+01 2.434999999999999942e-01
1.123685000000000223e+01 2.437999999999999889e-01
1.123634999999999984e+01 2.439999999999999947e-01
1.123584999999999923e+01 2.442999999999999894e-01
1.123534999999999862e+01 2.444999999999999951e-01
1.123484999999999978e+01 2.447000000000000008e-01
1.123434999999999917e+01 2.449999999999999956e-01
1.123385000000000034e+01 2.452000000000000013e-01
1.123334999999999972e+01 2.454000000000000070e-01
1.123284999999999911e+01 2.454999999999999960e-01
1.123235000000000028e+01 2.457000000000000017e-01
1.123185000000000144e+01 2.459000000000000075e-01
1.123135000000000083e+01 2.461000000000000132e-01
1.123085000000000022e+01 2.462000000000000022e-01
1.123034999999999961e+01 2.462999999999999912e-01
1.122985000000000255e+01 2.464999999999999969e-01
1.122935000000000016e+01 2.466000000000000136e-01
1.122884999999999955e+01 2.467000000000000026e-01
1.122834999999999894e+01 2.467999999999999916e-01
1.122785000000000011e+01 2.469000000000000083e-01
1.122734999999999950e+01 2.469999999999999973e-01
1.122685000000000066e+01 2.470999999999999863e-01
1.122635000000000005e+01 2.470999999999999863e-01
1.122584999999999944e+01 2.472000000000000031e-01
1.122535000000000061e+01 2.472000000000000031e-01
1.122485000000000177e+01 2.472000000000000031e-01
1.122434999999999938e+01 2.472000000000000031e-01
1.122385000000000055e+01 2.472000000000000031e-01
1.122334999999999994e+01 2.472000000000000031e-01
1.122284999999999933e+01 2.472000000000000031e-01
1.122235000000000049e+01 2.470999999999999863e-01
1.122184999999999988e+01 2.470999999999999863e-01
1.122135000000000105e+01 2.469999999999999973e-01
1.122085000000000043e+01 2.469000000000000083e-01
1.122034999999999982e+01 2.467999999999999916e-01
1.121984999999999744e+01 2.467000000000000026e-01
1.121935000000000038e+01 2.466000000000000136e-01
1.121884999999999977e+01 2.464999999999999969e-01
1.121834999999999916e+01 2.462999999999999912e-01
1.121784999999999854e+01 2.461000000000000132e-01
1.121734999999999971e+01 2.459000000000000075e-01
1.121685000000000088e+01 2.457000000000000017e-01
1.121635000000000026e+01 2.454999999999999960e-01
1.121584999999999965e+01 2.452999999999999903e-01
1.121535000000000082e+01 2.449999999999999956e-01
1.121485000000000021e+01 2.447999999999999898e-01
1.121435000000000137e+01 2.444999999999999951e-01
1.121385000000000076e+01 2.441000000000000114e-01
1.121335000000000015e+01 2.437999999999999889e-01
1.121284999999999776e+01 2.434999999999999942e-01
1.121235000000000070e+01 2.431000000000000105e-01
1.121185000000000009e+01 2.426999999999999991e-01
1.121134999999999948e+01 2.422999999999999876e-01
1.121084999999999887e+01 2.419000000000000039e-01
1.121035000000000004e+01 2.414000000000000035e-01
1.120984999999999943e+01 2.409999999999999920e-01
1.120935000000000059e+01 2.404999999999999916e-01
1.120884999999999998e+01 2.399999999999999911e-01
1.120834999999999937e+01 2.394999999999999907e-01
1.120785000000000053e+01 2.389000000000000012e-01
1.120735000000000170e+01 2.384000000000000008e-01
1.120684999999999931e+01 2.378000000000000114e-01
1.120635000000000048e+01 2.371999999999999942e-01
1.120584999999999809e+01 2.366000000000000048e-01
1.120534999999999926e+01 2.359999999999999876e-01
1.120485000000000042e+01 2.353999999999999981e-01
1.120434999999999981e+01 2.346999999999999920e-01
1.120384999999999920e+01 2.340000000000000135e-01
1.120335000000000036e+01 2.333999999999999964e-01
1.120284999999999975e+01 2.326999999999999902e-01
1.120234999999999737e+01 2.318999999999999950e-01
1.120185000000000031e+01 2.311999999999999889e-01
1.120134999999999970e+01 2.303999999999999937e-01
1.120085000000000086e+01 2.296999999999999875e-01
1.120035000000000203e+01 2.288999999999999924e-01
1.119984999999999964e+01 2.280999999999999972e-01
1.119935000000000080e+01 2.272000000000000131e-01
1.119885000000000019e+01 2.263999999999999901e-01
1.119834999999999958e+01 2.255999999999999950e-01
1.119785000000000075e+01 2.247000000000000108e-01
1.119735000000000014e+01 2.237999999999999989e-01
1.119684999999999953e+01 2.228999999999999870e-01
1.119635000000000069e+01 2.220000000000000029e-01
1.119585000000000008e+01 2.210000000000000020e-01
1.119534999999999769e+01 2.200999999999999901e-01
1.119485000000000063e+01 2.190999999999999892e-01
1.119435000000000002e+01 2.180999999999999883e-01
1.119384999999999941e+01 2.170999999999999874e-01
1.119335000000000235e+01 2.160999999999999865e-01
1.119284999999999997e+01 2.151000000000000134e-01
1.119234999999999935e+01 2.139999999999999958e-01
1.119185000000000052e+01 2.129000000000000059e-01
1.119134999999999991e+01 2.117999999999999883e-01
1.119084999999999930e+01 2.106999999999999984e-01
1.119035000000000046e+01 2.096000000000000085e-01
1.118985000000000163e+01 2.084999999999999909e-01
1.118934999999999924e+01 2.073000000000000120e-01
1.118885000000000041e+01 2.061000000000000054e-01
1.118834999999999802e+01 2.048999999999999988e-01
1.118784999999999918e+01 2.036999999999999922e-01
1.118735000000000035e+01 2.025000000000000133e-01
1.118684999999999974e+01 2.013000000000000067e-01
1.118634999999999913e+01 2.000000000000000111e-01
1.118585000000000029e+01 1.986999999999999877e-01
1.118534999999999968e+01 1.973999999999999921e-01
1.118485000000000085e+01 1.960999999999999965e-01
1.118435000000000024e+01 1.948000000000000009e-01
1.118384999999999962e+01 1.933999999999999886e-01
1.118335000000000079e+01 1.920999999999999930e-01
1.118285000000000196e+01 1.907000000000000084e-01
1.118234999999999957e+01 1.892999999999999960e-01
1.118185000000000073e+01 1.879000000000000115e-01
1.118134999999999835e+01 1.864999999999999991e-01
1.118084999999999951e+01 1.850999999999999868e-01
1.118035000000000068e+01 1.837000000000000022e-01
1.117985000000000007e+01 1.822999999999999898e-01
1.117934999999999945e+01 1.807999999999999885e-01
1.117885000000000062e+01 1.794000000000000039e-01
1.117835000000000001e+01 1.779000000000000026e-01
1.117785000000000117e+01 1.764000000000000012e-01
1.117735000000000056e+01 1.749999999999999889e-01
1.117684999999999995e+01 1.734999999999999876e-01
1.117634999999999934e+01 1.719999999999999862e-01
1.117585000000000228e+01 1.705000000000000127e-01
1.117534999999999989e+01 1.690000000000000113e-01
1.117484999999999928e+01 1.673999999999999932e-01
1.117435000000000045e+01 1.658999999999999919e-01
1.117384999999999984e+01 1.643999999999999906e-01
1.117334999999999923e+01 1.628999999999999893e-01
1.117285000000000039e+01 1.612999999999999989e-01
1.117234999999999978e+01 1.597999999999999976e-01
1.117184999999999917e+01 1.582999999999999963e-01
1.117135000000000034e+01 1.567000000000000060e-01
1.117084999999999795e+01 1.552000000000000046e-01
1.117034999999999911e+01 1.535999999999999865e-01
1.116985000000000028e+01 1.521000000000000130e-01
1.116934999999999967e+01 1.504999999999999949e-01
1.116885000000000261e+01 1.489999999999999936e-01
1.116835000000000022e+01 1.474000000000000032e-01
1.116784999999999961e+01 1.459000000000000019e-01
1.116735000000000078e+01 1.443000000000000116e-01
1.116685000000000016e+01 1.428000000000000103e-01
1.116634999999999955e+01 1.411999999999999922e-01
1.116585000000000072e+01 1.396999999999999909e-01
1.116535000000000011e+01 1.381000000000000005e-01
1.116484999999999950e+01 1.365999999999999992e-01
1.116435000000000066e+01 1.350000000000000089e-01
1.116384999999999827e+01 1.335000000000000075e-01
1.116334999999999944e+01 1.320000000000000062e-01
1.116285000000000061e+01 1.303999999999999881e-01
1.116234999999999999e+01 1.288999999999999868e-01
1.116184999999999938e+01 1.274000000000000132e-01
1.116135000000000055e+01 1.259000000000000119e-01
1.116084999999999994e+01 1.242999999999999938e-01
1.116035000000000110e+01 1.228000000000000064e-01
1.115985000000000049e+01 1.213000000000000050e-01
1.115934999999999988e+01 1.198000000000000037e-01
1.115884999999999749e+01 1.183000000000000024e-01
1.115835000000000221e+01 1.168000000000000010e-01
1.115784999999999982e+01 1.154000000000000026e-01
1.115734999999999921e+01 1.139000000000000012e-01
1.115684999999999860e+01 1.123999999999999999e-01
1.115634999999999977e+01 1.110000000000000014e-01
1.115584999999999916e+01 1.095000000000000001e-01
1.115535000000000032e+01 1.081000000000000016e-01
1.115484999999999971e+01 1.066000000000000003e-01
1.115435000000000088e+01 1.052000000000000018e-01
1.115385000000000026e+01 1.037000000000000005e-01
1.115335000000000143e+01 1.023000000000000020e-01
1.115285000000000082e+01 1.009000000000000036e-01
1.115235000000000021e+01 9.950000000000000511e-02
1.115184999999999960e+01 9.810000000000000664e-02
1.115135000000000254e+01 9.669999999999999429e-02
1.115085000000000015e+01 9.529999999999999583e-02
1.115034999999999954e+01 9.389999999999999736e-02
1.114984999999999893e+01 9.260000000000000175e-02
1.114935000000000009e+01 9.120000000000000329e-02
1.114884999999999948e+01 8.989999999999999380e-02
1.114835000000000065e+01 8.849999999999999534e-02
1.114785000000000004e+01 8.719999999999999973e-02
1.114734999999999943e+01 8.590000000000000413e-02
1.114685000000000059e+01 8.459999999999999465e-02
1.114635000000000176e+01 8.329999999999999905e-02
1.114584999999999937e+01 8.200000000000000344e-02
1.114535000000000053e+01 8.069999999999999396e-02
1.114484999999999992e+01 7.950000000000000122e-02
1.114434999999999931e+01 7.820000000000000562e-02
1.114385000000000048e+01 7.699999999999999900e-02
1.114334999999999987e+01 7.570000000000000340e-02
1.114285000000000103e+01 7.449999999999999678e-02
1.114235000000000042e+01 7.330000000000000404e-02
1.114184999999999981e+01 7.209999999999999742e-02
1.114134999999999742e+01 7.090000000000000469e-02
1.114085000000000036e+01 6.969999999999999807e-02
1.114034999999999975e+01 6.859999999999999432e-02
1.113984999999999914e+01 6.740000000000000158e-02
1.113934999999999853e+01 6.629999999999999782e-02
1.113884999999999970e+01 6.519999999999999407e-02
1.113835000000000086e+01 6.410000000000000420e-02
1.113785000000000025e+01 6.300000000000000044e-02
1.113734999999999964e+01 6.199999999999999956e-02
1.113685000000000080e+01 6.090000000000000274e-02
1.113635000000000019e+01 5.990000000000000185e-02
1.113585000000000136e+01 5.879999999999999810e-02
1.113535000000000075e+01 5.779999999999999721e-02
1.113485000000000014e+01 5.680000000000000326e-02
1.113434999999999775e+01 5.589999999999999830e-02
1.113385000000000069e+01 5.489999999999999741e-02
1.113335000000000008e+01 5.390000000000000346e-02
1.113284999999999947e+01 5.299999999999999850e-02
1.113234999999999886e+01 5.210000000000000048e-02
1.113185000000000002e+01 5.120000000000000245e-02
1.113134999999999941e+01 5.029999999999999749e-02
1.113085000000000058e+01 4.939999999999999947e-02
1.113034999999999997e+01 4.850000000000000144e-02
1.112984999999999935e+01 4.769999999999999934e-02
1.112935000000000052e+01 4.680000000000000132e-02
1.112885000000000169e+01 4.599999999999999922e-02
1.112834999999999930e+01 4.519999999999999712e-02
1.112785000000000046e+01 4.429999999999999910e-02
1.112734999999999808e+01 4.349999999999999700e-02
1.112684999999999924e+01 4.279999999999999777e-02
1.112635000000000041e+01 4.200000000000000261e-02
1.112584999999999980e+01 4.120000000000000051e-02
1.112534999999999918e+01 4.050000000000000128e-02
1.112485000000000035e+01 3.969999999999999918e-02
1.112434999999999974e+01 3.899999999999999994e-02
1.112384999999999735e+01 3.830000000000000071e-02
1.112335000000000029e+01 3.760000000000000148e-02
1.112284999999999968e+01 3.690000000000000224e-02
1.112235000000000085e+01 3.620000000000000301e-02
1.112185000000000201e+01 3.549999999999999684e-02
1.112134999999999962e+01 3.479999999999999760e-02
1.112085000000000079e+01 3.420000000000000123e-02
1.112035000000000018e+01 3.350000000000000200e-02
1.111984999999999957e+01 3.289999999999999869e-02
1.111935000000000073e+01 3.230000000000000232e-02
1.111885000000000012e+01 3.169999999999999901e-02
1.111834999999999951e+01 3.109999999999999917e-02
1.111785000000000068e+01 3.049999999999999933e-02
1.111735000000000007e+01 2.989999999999999949e-02
1.111684999999999768e+01 2.929999999999999966e-02
1.111635000000000062e+01 2.879999999999999921e-02
1.111585000000000001e+01 2.819999999999999937e-02
1.111534999999999940e+01 2.769999999999999893e-02
1.111485000000000234e+01 2.709999999999999909e-02
1.111434999999999995e+01 2.659999999999999865e-02
1.111384999999999934e+01 2.610000000000000167e-02
1.111335000000000051e+01 2.560000000000000123e-02
1.111284999999999989e+01 2.510000000000000078e-02
1.111234999999999928e+01 2.460000000000000034e-02
1.111185000000000045e+01 2.409999999999999989e-02
1.111135000000000161e+01 2.369999999999999885e-02
1.111084999999999923e+01 2.319999999999999840e-02
1.111035000000000039e+01 2.280000000000000082e-02
1.110984999999999800e+01 2.230000000000000038e-02
1.110934999999999917e+01 2.189999999999999933e-02
1.110885000000000034e+01 2.149999999999999828e-02
1.110834999999999972e+01 2.110000000000000070e-02
1.110784999999999911e+01 2.069999999999999965e-02
1.110735000000000028e+01 2.029999999999999860e-02
1.110684999999999967e+01 1.990000000000000102e-02
1.110635000000000083e+01 1.949999999999999997e-02
1.110585000000000022e+01 1.909999999999999892e-02
1.110534999999999961e+01 1.880000000000000074e-02
1.110485000000000078e+01 1.839999999999999969e-02
1.110435000000000194e+01 1.799999999999999864e-02
1.110384999999999955e+01 1.770000000000000046e-02
1.110335000000000072e+01 1.739999999999999880e-02
1.110284999999999833e+01 1.700000000000000122e-02
1.110234999999999950e+01 1.669999999999999957e-02
1.110185000000000066e+01 1.640000000000000138e-02
1.110135000000000005e+01 1.609999999999999973e-02
1.110084999999999944e+01 1.580000000000000154e-02
1.110035000000000061e+01 1.549999999999999989e-02
1.109984999999999999e+01 1.519999999999999997e-02
1.109935000000000116e+01 1.490000000000000005e-02
1.109885000000000055e+01 1.460000000000000013e-02
1.109834999999999994e+01 1.439999999999999961e-02
1.109784999999999933e+01 1.409999999999999969e-02
1.109735000000000227e+01 1.379999999999999977e-02
1.109684999999999988e+01 1.359999999999999924e-02
1.109634999999999927e+01 1.329999999999999932e-02
1.109585000000000043e+01 1.310000000000000053e-02
1.109534999999999982e+01 1.280000000000000061e-02
1.109484999999999921e+01 1.260000000000000009e-02
1.109435000000000038e+01 1.239999999999999956e-02
1.109384999999999977e+01 1.209999999999999964e-02
1.109334999999999916e+01 1.190000000000000085e-02
1.109285000000000032e+01 1.170000000000000033e-02
1.109234999999999793e+01 1.149999999999999981e-02
1.109185000000000088e+01 1.129999999999999928e-02
1.109135000000000026e+01 1.110000000000000049e-02
1.109084999999999965e+01 1.089999999999999997e-02
1.109035000000000259e+01 1.069999999999999944e-02
1.108985000000000021e+01 1.050000000000000065e-02
1.108934999999999960e+01 1.030000000000000013e-02
1.108885000000000076e+01 1.009999999999999960e-02
1.108835000000000015e+01 9.900000000000000813e-03
1.108784999999999954e+01 9.700000000000000289e-03
1.108735000000000070e+01 9.599999999999999159e-03
1.108685000000000009e+01 9.400000000000000369e-03
1.108634999999999948e+01 9.199999999999999845e-03
1.108585000000000065e+01 9.100000000000000450e-03
1.108534999999999826e+01 8.899999999999999925e-03
1.108484999999999943e+01 8.699999999999999400e-03
1.108435000000000059e+01 8.600000000000000006e-03
1.108384999999999998e+01 8.399999999999999481e-03
1.108334999999999937e+01 8.300000000000000086e-03
1.108285000000000053e+01 8.099999999999999561e-03
1.108234999999999992e+01 8.000000000000000167e-03
1.108185000000000109e+01 7.900000000000000772e-03
1.108135000000000048e+01 7.700000000000000247e-03
1.108084999999999987e+01 7.599999999999999985e-03
1.108034999999999748e+01 7.499999999999999722e-03
1.107985000000000220e+01 7.300000000000000065e-03
1.107934999999999981e+01 7.199999999999999803e-03
1.107884999999999920e+01 7.100000000000000408e-03
1.107834999999999859e+01 7.000000000000000146e-03
1.107784999999999975e+01 6.799999999999999621e-03
1.107734999999999914e+01 6.700000000000000226e-03
1.107685000000000031e+01 6.599999999999999964e-03
1.107634999999999970e+01 6.499999999999999702e-03
1.107585000000000086e+01 6.400000000000000307e-03
1.107535000000000025e+01 6.300000000000000044e-03
1.107485000000000142e+01 6.199999999999999782e-03
1.107435000000000080e+01 6.100000000000000387e-03
1.107385000000000019e+01 6.000000000000000125e-03
1.107334999999999958e+01 5.899999999999999863e-03
1.107285000000000252e+01 5.799999999999999600e-03
1.107235000000000014e+01 5.700000000000000205e-03
1.107184999999999953e+01 5.599999999999999943e-03
1.107134999999999891e+01 5.499999999999999681e-03
1.107085000000000008e+01 5.400000000000000286e-03
1.107034999999999947e+01 5.300000000000000024e-03
1.106985000000000063e+01 5.199999999999999761e-03
1.106935000000000002e+01 5.199999999999999761e-03
1.106884999999999941e+01 5.100000000000000366e-03
1.106835000000000058e+01 5.000000000000000104e-03
1.106785000000000174e+01 4.899999999999999842e-03
1.106734999999999935e+01 4.799999999999999580e-03
1.106685000000000052e+01 4.799999999999999580e-03
1.106634999999999991e+01 4.700000000000000185e-03
1.106584999999999930e+01 4.599999999999999922e-03
1.106535000000000046e+01 4.599999999999999922e-03
1.106484999999999985e+01 4.499999999999999660e-03
1.106435000000000102e+01 4.400000000000000265e-03
1.106385000000000041e+01 4.300000000000000003e-03
1.106334999999999980e+01 4.300000000000000003e-03
1.106284999999999741e+01 4.199999999999999740e-03
1.106235000000000035e+01 4.199999999999999740e-03
1.106184999999999974e+01 4.100000000000000346e-03
1.106134999999999913e+01 4.000000000000000083e-03
1.106084999999999852e+01 4.000000000000000083e-03
1.106034999999999968e+01 3.899999999999999821e-03
1.105985000000000085e+01 3.899999999999999821e-03
1.105935000000000024e+01 3.799999999999999992e-03
1.105884999999999962e+01 3.799999999999999992e-03
1.105835000000000079e+01 3.700000000000000164e-03
1.105785000000000018e+01 3.700000000000000164e-03
1.105735000000000134e+01 3.599999999999999901e-03
1.105685000000000073e+01 3.599999999999999901e-03
1.105635000000000012e+01 3.500000000000000073e-03
1.105584999999999773e+01 3.500000000000000073e-03
1.105535000000000068e+01 3.399999999999999811e-03
1.105485000000000007e+01 3.399999999999999811e-03
1.105434999999999945e+01 3.299999999999999982e-03
1.105384999999999884e+01 3.299999999999999982e-03
1.105335000000000001e+01 3.200000000000000153e-03
1.105284999999999940e+01 3.200000000000000153e-03
1.105235000000000056e+01 3.200000000000000153e-03
1.105184999999999995e+01 3.099999999999999891e-03
1.105134999999999934e+01 3.099999999999999891e-03
1.105085000000000051e+01 3.000000000000000062e-03
1.105035000000000167e+01 3.000000000000000062e-03
1.104984999999999928e+01 3.000000000000000062e-03
1.104935000000000045e+01 2.899999999999999800e-03
1.104884999999999806e+01 2.899999999999999800e-03
1.104834999999999923e+01 2.899999999999999800e-03
1.104785000000000039e+01 2.799999999999999972e-03
1.104734999999999978e+01 2.799999999999999972e-03
1.104684999999999917e+01 2.700000000000000143e-03
1.104635000000000034e+01 2.700000000000000143e-03
1.104584999999999972e+01 2.700000000000000143e-03
1.104534999999999734e+01 2.599999999999999881e-03
1.104485000000000028e+01 2.599999999999999881e-03
1.104434999999999967e+01 2.599999999999999881e-03
1.104385000000000083e+01 2.500000000000000052e-03
1.104335000000000200e+01 2.500000000000000052e-03
1.104284999999999961e+01 2.500000000000000052e-03
1.104235000000000078e+01 2.399999999999999790e-03
1.104185000000000016e+01 2.399999999999999790e-03
1.104134999999999955e+01 2.399999999999999790e-03
1.104085000000000072e+01 2.399999999999999790e-03
1.104035000000000011e+01 2.299999999999999961e-03
1.103984999999999950e+01 2.299999999999999961e-03
1.103935000000000066e+01 2.299999999999999961e-03
1.103885000000000005e+01 2.200000000000000133e-03
1.103834999999999766e+01 2.200000000000000133e-03
1.103785000000000061e+01 2.200000000000000133e-03
1.103734999999999999e+01 2.099999999999999870e-03
1.103684999999999938e+01 2.099999999999999870e-03
1.103635000000000232e+01 2.099999999999999870e-03
1.103584999999999994e+01 2.000000000000000042e-03
1.103534999999999933e+01 2.000000000000000042e-03
1.103485000000000049e+01 2.000000000000000042e-03
1.103434999999999988e+01 1.899999999999999996e-03
1.103384999999999927e+01 1.899999999999999996e-03
1.103335000000000043e+01 1.899999999999999996e-03
1.103285000000000160e+01 1.799999999999999951e-03
1.103234999999999921e+01 1.799999999999999951e-03
1.103185000000000038e+01 1.799999999999999951e-03
1.103134999999999799e+01 1.699999999999999905e-03
1.103084999999999916e+01 1.699999999999999905e-03
1.103035000000000032e+01 1.699999999999999905e-03
1.102984999999999971e+01 1.600000000000000077e-03
1.102934999999999910e+01 1.600000000000000077e-03
1.102885000000000026e+01 1.600000000000000077e-03
1.102834999999999965e+01 1.500000000000000031e-03
1.102785000000000082e+01 1.500000000000000031e-03
1.102735000000000021e+01 1.500000000000000031e-03
1.102684999999999960e+01 1.399999999999999986e-03
1.102635000000000076e+01 1.399999999999999986e-03
1.102585000000000193e+01 1.399999999999999986e-03
1.102534999999999954e+01 1.299999999999999940e-03
1.102485000000000070e+01 1.299999999999999940e-03
1.102434999999999832e+01 1.299999999999999940e-03
1.102384999999999948e+01 1.199999999999999895e-03
1.102335000000000065e+01 1.199999999999999895e-03
1.102285000000000004e+01 1.199999999999999895e-03
1.102234999999999943e+01 1.199999999999999895e-03
1.102185000000000059e+01 1.100000000000000066e-03
1.102134999999999998e+01 1.100000000000000066e-03
1.102085000000000115e+01 1.100000000000000066e-03
1.102035000000000053e+01 1.000000000000000021e-03
1.101984999999999992e+01 1.000000000000000021e-03
1.101934999999999931e+01 1.000000000000000021e-03
1.101885000000000225e+01 8.999999999999999754e-04
1.101834999999999987e+01 8.999999999999999754e-04
1.101784999999999926e+01 8.999999999999999754e-04
1.101735000000000042e+01 8.000000000000000383e-04
1.101684999999999981e+01 8.000000000000000383e-04
1.101634999999999920e+01 8.000000000000000383e-04
1.101585000000000036e+01 6.999999999999999929e-04
1.101534999999999975e+01 6.999999999999999929e-04
1.101484999999999914e+01 6.999999999999999929e-04
1.101435000000000031e+01 5.999999999999999474e-04
1.101384999999999792e+01 5.999999999999999474e-04
1.101335000000000086e+01 5.999999999999999474e-04
1.101285000000000025e+01 5.000000000000000104e-04
1.101234999999999964e+01 5.000000000000000104e-04
1.101185000000000258e+01 5.000000000000000104e-04
1.101135000000000019e+01 5.000000000000000104e-04
1.101084999999999958e+01 4.000000000000000192e-04
1.101035000000000075e+01 4.000000000000000192e-04
1.100985000000000014e+01 4.000000000000000192e-04
1.100934999999999953e+01 2.999999999999999737e-04
1.100000000000000000e+01 0.000000000000000000e+00
