2.500000000000000000e+00 9.993772499999999948e-01
2.496878901373283277e+00 9.990913900000000236e-01
2.493765586034912829e+00 9.985010600000000514e-01
2.490660024906600434e+00 9.990609900000000376e-01
2.487562189054726591e+00 9.989787300000000370e-01
2.484472049689441242e+00 9.982388599999999501e-01
2.481389578163772036e+00 9.977352000000000443e-01
2.478314745972738375e+00 9.996511900000000228e-01
2.475247524752475670e+00 9.999097000000000124e-01
2.472187886279357372e+00 9.991134999999999877e-01
2.469135802469136109e+00 9.999087500000000128e-01
2.466091245376079044e+00 9.999310399999999932e-01
2.463054187192118327e+00 9.997444699999999962e-01
2.460024600246002890e+00 9.999229899999999560e-01
2.457002457002457341e+00 9.999098800000000287e-01
2.453987730061350181e+00 9.998024699999999987e-01
2.450980392156862919e+00 9.996983400000000186e-01
2.447980416156671168e+00 9.997280200000000505e-01
2.444987775061124857e+00 9.997741599999999673e-01
2.442002442002442208e+00 9.999035600000000246e-01
2.439024390243902385e+00 9.998893100000000311e-01
2.436053593179050125e+00 9.994870399999999933e-01
2.433090024330900381e+00 9.997961499999999946e-01
2.430133657351154497e+00 9.998830600000000457e-01
2.427184466019417730e+00 9.997690900000000269e-01
2.424242424242424310e+00 9.997496599999999844e-01
2.421307506053269165e+00 9.998427600000000526e-01
2.418379685610640983e+00 9.996912500000000312e-01
2.415458937198068146e+00 9.997448899999999972e-01
2.412545235223160667e+00 9.998853199999999664e-01
2.409638554216867679e+00 9.997396499999999797e-01
2.406738868832731804e+00 9.996610299999999505e-01
2.403846153846154188e+00 9.996137600000000178e-01
2.400960384153661753e+00 9.996840399999999960e-01
2.398081534772182444e+00 9.995438500000000115e-01
2.395209580838323582e+00 9.994032999999999944e-01
2.392344497607655551e+00 9.993675400000000542e-01
2.389486260454002586e+00 9.994111700000000154e-01
2.386634844868735339e+00 9.993194899999999770e-01
2.383790226460071437e+00 9.992998800000000292e-01
2.380952380952380931e+00 9.994453199999999704e-01
2.378121284185493955e+00 9.993838099999999836e-01
2.375296912114014170e+00 9.992479699999999854e-01
2.372479240806642853e+00 9.976078900000000527e-01
2.369668246445497672e+00 9.976745200000000091e-01
2.366863905325443884e+00 9.992225799999999714e-01
2.364066193853428199e+00 9.995537399999999684e-01
2.361275088547815759e+00 9.994323800000000091e-01
2.358490566037735992e+00 9.987798900000000035e-01
2.355712603062426247e+00 9.987089000000000105e-01
2.352941176470588314e+00 9.990668299999999613e-01
2.350176263219741379e+00 9.986425599999999569e-01
2.347417840375586984e+00 9.987929500000000127e-01
2.344665885111371750e+00 9.990938900000000400e-01
2.341920374707260333e+00 9.991470000000000073e-01
2.339181286549707472e+00 9.989697300000000002e-01
2.336448598130841159e+00 9.994386400000000448e-01
2.333722287047841348e+00 9.994310699999999770e-01
2.331002331002331118e+00 9.994904999999999484e-01
2.328288707799767376e+00 9.993798099999999796e-01
2.325581395348837344e+00 9.995405699999999616e-01
2.322880371660859478e+00 9.995789499999999661e-01
2.320185614849187949e+00 9.990888799999999570e-01
2.317497103128621561e+00 9.976956200000000052e-01
2.314814814814815325e+00 9.994906199999999963e-01
2.312138728323699599e+00 9.998436000000000545e-01
2.309468822170900992e+00 9.996401700000000501e-01
2.306805074971165048e+00 9.991947399999999702e-01
2.304147465437788256e+00 9.990863199999999722e-01
2.301495972382048727e+00 9.992099399999999632e-01
2.298850574712643979e+00 9.990054400000000223e-01
2.296211251435132272e+00 9.992117900000000441e-01
2.293577981651376163e+00 9.992788999999999699e-01
2.290950744558992280e+00 9.991455700000000384e-01
2.288329519450801097e+00 9.994032400000000260e-01
2.285714285714286031e+00 9.994285699999999606e-01
2.283105022831050768e+00 9.989275899999999764e-01
2.280501710376282798e+00 9.994338200000000283e-01
2.277904328018223623e+00 9.994999199999999862e-01
2.275312855517634070e+00 9.989987599999999857e-01
2.272727272727272929e+00 9.995131499999999614e-01
2.270147559591373376e+00 9.993884600000000340e-01
2.267573696145124718e+00 9.994258299999999595e-01
2.265005662514156803e+00 9.994805500000000231e-01
2.262443438914027105e+00 9.991886599999999508e-01
2.259887005649717562e+00 9.995410999999999602e-01
2.257336343115124322e+00 9.994903800000000116e-01
2.254791431792559475e+00 9.994941899999999491e-01
2.252252252252252784e+00 9.996406399999999692e-01
2.249718785151856082e+00 9.997108000000000105e-01
2.247191011235955216e+00 9.995056399999999730e-01
2.244668911335577999e+00 9.996733700000000056e-01
2.242152466367713259e+00 9.996984599999999554e-01
2.239641657334826341e+00 9.997245700000000346e-01
2.237136465324384815e+00 9.997162200000000443e-01
2.234636871508379752e+00 9.997838700000000189e-01
2.232142857142857206e+00 9.996376599999999835e-01
2.229654403567447485e+00 9.998583199999999671e-01
2.227171492204900183e+00 9.997500200000000170e-01
2.224694104560623220e+00 9.998851399999999501e-01
2.222222222222222765e+00 9.997944800000000409e-01
2.219755826859045378e+00 9.998705399999999743e-01
2.217294900221729925e+00 9.998313800000000473e-01
2.214839424141750168e+00 9.998986100000000210e-01
2.212389380530973781e+00 9.999222800000000522e-01
2.209944751381215600e+00 9.999275199999999586e-01
2.207505518763797081e+00 9.999302599999999597e-01
2.205071664829107103e+00 9.997658699999999454e-01
2.202643171806167643e+00 9.996029100000000112e-01
2.200220022002200349e+00 9.992676400000000125e-01
2.197802197802197988e+00 9.998334599999999517e-01
2.195389681668496351e+00 9.999128600000000144e-01
2.192982456140351033e+00 9.999452800000000474e-01
2.190580503833515991e+00 9.999358699999999489e-01
2.188183807439825213e+00 9.999400999999999984e-01
2.185792349726776163e+00 9.999412899999999826e-01
2.183406113537118109e+00 9.998981999999999593e-01
2.181025081788440900e+00 9.999507100000000204e-01
2.178649237472767286e+00 9.998346599999999862e-01
2.176278563656148357e+00 9.999356299999999642e-01
2.173913043478260754e+00 9.998829999999999663e-01
2.171552660152008762e+00 9.998608799999999519e-01
2.169197396963123747e+00 9.999032599999999604e-01
2.166847237269772908e+00 9.998440100000000053e-01
2.164502164502164927e+00 9.999042700000000394e-01
2.162162162162162282e+00 9.998515799999999620e-01
2.159827213822894443e+00 9.998731600000000386e-01
2.157497303128371513e+00 9.999126200000000297e-01
2.155172413793103647e+00 9.998971199999999726e-01
2.152852529601722242e+00 9.998909799999999848e-01
2.150537634408602461e+00 9.998717299999999586e-01
2.148227712137487089e+00 9.998878199999999827e-01
2.145922746781116164e+00 9.999325900000000100e-01
2.143622722400857494e+00 9.999399799999999505e-01
2.141327623126338509e+00 9.999476099999999867e-01
2.139037433155080326e+00 9.999532100000000368e-01
2.136752136752137154e+00 9.999490399999999557e-01
2.134471718249733030e+00 9.999533299999999736e-01
2.132196162046908317e+00 9.999490399999999557e-01
2.129925452609159109e+00 9.999458799999999536e-01
2.127659574468085069e+00 9.999381899999999490e-01
2.125398512221041258e+00 9.999360999999999944e-01
2.123142250530785535e+00 9.999288899999999591e-01
2.120890774125132605e+00 9.999079699999999793e-01
2.118644067796610297e+00 9.998831200000000141e-01
2.116402116402116285e+00 9.998677999999999733e-01
2.114164904862579686e+00 9.998472900000000552e-01
2.111932418162619118e+00 9.998111699999999713e-01
2.109704641350211407e+00 9.997949000000000419e-01
2.107481559536354077e+00 9.998399599999999721e-01
2.105263157894737169e+00 9.998482499999999940e-01
2.103049421661409291e+00 9.997795200000000326e-01
2.100840336134454311e+00 9.997453099999999981e-01
2.098635886673662299e+00 9.997075800000000401e-01
2.096436058700209770e+00 9.996557200000000254e-01
2.094240837696335067e+00 9.995117199999999924e-01
2.092050209205020828e+00 9.993552599999999675e-01
2.089864158829676466e+00 9.991291799999999501e-01
2.087682672233820647e+00 9.989279500000000089e-01
2.085505735140771755e+00 9.986476899999999768e-01
2.083333333333333481e+00 9.986475700000000399e-01
2.081165452653486181e+00 9.990173599999999654e-01
2.079002079002079117e+00 9.988027800000000012e-01
2.076843198338525820e+00 9.973353099999999749e-01
2.074688796680498104e+00 9.957947700000000513e-01
2.072538860103626757e+00 9.930161800000000261e-01
2.070393374741200887e+00 9.910388599999999659e-01
2.068252326783867723e+00 9.901522999999999852e-01
2.066115702479338623e+00 9.890456800000000381e-01
2.063983488132095090e+00 9.893834000000000239e-01
2.061855670103093008e+00 9.915996200000000149e-01
2.059732234809474871e+00 9.939655699999999650e-01
2.057613168724280239e+00 9.878895300000000157e-01
2.055498458376156190e+00 9.863746199999999797e-01
2.053388090349076212e+00 9.854022300000000456e-01
2.051282051282051544e+00 9.885369499999999698e-01
2.049180327868852292e+00 9.920622100000000554e-01
2.047082906857728091e+00 9.969130200000000386e-01
2.044989775051125225e+00 9.986445900000000542e-01
2.042900919305413954e+00 9.985626300000000066e-01
2.040816326530612734e+00 9.984556999999999460e-01
2.038735983690112441e+00 9.989225299999999752e-01
2.036659877800407248e+00 9.990483500000000294e-01
2.034587995930824178e+00 9.990614100000000386e-01
2.032520325203252209e+00 9.989769499999999747e-01
2.030456852791878486e+00 9.986612799999999845e-01
2.028397565922920975e+00 9.973837700000000028e-01
2.026342451874366901e+00 9.955260200000000115e-01
2.024291497975708509e+00 9.912523600000000545e-01
2.022244691607684608e+00 9.863470199999999632e-01
2.020202020202020332e+00 9.834797400000000467e-01
2.018163471241170903e+00 9.806775500000000090e-01
2.016129032258064502e+00 9.804837699999999767e-01
2.014098690835851357e+00 9.799800499999999914e-01
2.012072434607646176e+00 9.776890900000000384e-01
2.010050251256281673e+00 9.801070699999999691e-01
2.008032128514056325e+00 9.799017899999999948e-01
2.006018054162487463e+00 9.739091399999999510e-01
2.004008016032063910e+00 9.747465800000000291e-01
2.002002002002002179e+00 9.745235399999999659e-01
2.000000000000000000e+00 9.794743700000000386e-01
1.998001998001998292e+00 9.895142900000000186e-01
1.996007984031936022e+00 9.973705400000000276e-01
1.994017946161515731e+00 9.995851500000000334e-01
1.992031872509960611e+00 9.998277399999999648e-01
1.990049751243781140e+00 9.998080700000000487e-01
1.988071570576541047e+00 9.998055700000000323e-01
1.986097318768619724e+00 9.998159399999999586e-01
1.984126984126984405e+00 9.998529600000000128e-01
1.982160555004955471e+00 9.997976400000000430e-01
1.980198019801980625e+00 9.995027800000000351e-01
1.978239366963402857e+00 9.991347200000000317e-01
1.976284584980237291e+00 9.980373999999999635e-01
1.974333662388943811e+00 9.964536400000000294e-01
1.972386587771203237e+00 9.938545199999999635e-01
1.970443349753694839e+00 9.915696999999999983e-01
1.968503937007874072e+00 9.896181200000000455e-01
1.966568338249754300e+00 9.886704699999999679e-01
1.964636542239685646e+00 9.867086999999999941e-01
1.962708537782139606e+00 9.889242599999999994e-01
1.960784313725490335e+00 9.918106799999999446e-01
1.958863858961802151e+00 9.851344199999999551e-01
1.956947162426614595e+00 9.835967399999999694e-01
1.955034213098729268e+00 9.827148300000000392e-01
1.953125000000000222e+00 9.851768600000000431e-01
1.951219512195122130e+00 9.907856000000000440e-01
1.949317738791423338e+00 9.950929299999999866e-01
1.947419668938656478e+00 9.971879700000000346e-01
1.945525291828794190e+00 9.978040500000000534e-01
1.943634596695821282e+00 9.985637699999999617e-01
1.941747572815534228e+00 9.992862900000000215e-01
1.939864209505334669e+00 9.989871999999999641e-01
1.937984496124031120e+00 9.991598699999999500e-01
1.936108422071636026e+00 9.990849499999999717e-01
1.934235976789168587e+00 9.992082700000000095e-01
1.932367149758454028e+00 9.993816599999999495e-01
1.930501930501930641e+00 9.992010599999999743e-01
1.928640308582449503e+00 9.975560300000000380e-01
1.926782273603083073e+00 9.989790899999999585e-01
1.924927815206929793e+00 9.986453100000000083e-01
1.923076923076923128e+00 9.988868199999999531e-01
1.921229586935639055e+00 9.943794599999999928e-01
1.919385796545105771e+00 9.960623400000000460e-01
1.917545541706615619e+00 9.992309799999999909e-01
1.915708812260536575e+00 9.983146800000000098e-01
1.913875598086124397e+00 9.947136600000000550e-01
1.912045889101338547e+00 9.973762600000000145e-01
1.910219675262655459e+00 9.981197699999999617e-01
1.908396946564885566e+00 9.989972099999999688e-01
1.906577693040991450e+00 9.928552499999999670e-01
1.904761904761904878e+00 9.964004199999999534e-01
1.902949571836346720e+00 9.956462400000000157e-01
1.901140684410646653e+00 9.970591699999999946e-01
1.899335232668565965e+00 9.934816400000000547e-01
1.897533206831119701e+00 9.977084400000000297e-01
1.895734597156398138e+00 9.997557400000000039e-01
1.893939393939394034e+00 9.978913099999999758e-01
1.892147587511825879e+00 9.971309299999999709e-01
1.890359168241966037e+00 9.952235799999999966e-01
1.888574126534466657e+00 9.998100399999999555e-01
1.886792452830188704e+00 9.981905800000000495e-01
1.885014137606032314e+00 9.968594299999999908e-01
1.883239171374764709e+00 9.978327799999999748e-01
1.881467544684854332e+00 9.981852199999999842e-01
1.879699248120300981e+00 9.992256800000000050e-01
1.877934272300469720e+00 9.959585100000000191e-01
1.876172607879925014e+00 9.953296200000000260e-01
1.874414245548266189e+00 9.935177600000000275e-01
1.872659176029962902e+00 9.918133599999999772e-01
1.870907390084191046e+00 9.892490499999999631e-01
1.869158878504673105e+00 9.947125300000000392e-01
1.867413632119514721e+00 9.925779099999999522e-01
1.865671641791045055e+00 9.992467800000000011e-01
1.863932898415657125e+00 9.980386500000000272e-01
1.862197392923649941e+00 9.991016999999999815e-01
1.860465116279069964e+00 9.935758700000000276e-01
1.858736059479554115e+00 9.971649099999999599e-01
1.857010213556174572e+00 9.948706000000000493e-01
1.855287569573284001e+00 9.977106999999999504e-01
1.853568118628359684e+00 9.940181399999999945e-01
1.851851851851852082e+00 9.981630400000000014e-01
1.850138760407030514e+00 9.974381900000000023e-01
1.848428835489833721e+00 9.912257799999999452e-01
1.846722068328716659e+00 9.922230199999999556e-01
1.845018450184501946e+00 9.995136300000000418e-01
1.843317972350230427e+00 9.976528900000000144e-01
1.841620626151013074e+00 9.929153299999999849e-01
1.839926402943882433e+00 9.946935199999999977e-01
1.838235294117647189e+00 9.946693800000000474e-01
1.836547291092745837e+00 9.927253700000000514e-01
1.834862385321101241e+00 9.960279499999999953e-01
1.833180568285976308e+00 9.982206799999999713e-01
1.831501831501831656e+00 9.957498299999999469e-01
1.829826166514181285e+00 9.963880800000000093e-01
1.828153564899451577e+00 9.976964600000000072e-01
1.826484018264840303e+00 9.941168400000000016e-01
1.824817518248175396e+00 9.993851200000000157e-01
1.823154056517775956e+00 9.988664400000000221e-01
1.821493624772313469e+00 9.960418899999999853e-01
1.819836214740673475e+00 9.972029300000000429e-01
1.818181818181818343e+00 9.992212700000000503e-01
1.816530426884650495e+00 9.987512800000000190e-01
1.814882032667876732e+00 9.986839899999999659e-01
1.813236627379873234e+00 9.990708200000000261e-01
1.811594202898550998e+00 9.990190899999999985e-01
1.809954751131221728e+00 9.995083799999999741e-01
1.808318264014466603e+00 9.997139000000000442e-01
1.806684733514001939e+00 9.992178099999999841e-01
1.805054151624549075e+00 9.996901799999999838e-01
1.803426510369702696e+00 9.996992900000000182e-01
1.801801801801801828e+00 9.994490099999999710e-01
1.800180018001800164e+00 9.995397900000000391e-01
1.798561151079136833e+00 9.998697600000000518e-01
1.796945193171608279e+00 9.998210699999999784e-01
1.795332136445242366e+00 9.998426400000000047e-01
1.793721973094170696e+00 9.998021099999999661e-01
1.792114695340501829e+00 9.998194599999999932e-01
1.790510295434198929e+00 9.997836900000000027e-01
1.788908765652951871e+00 9.999036199999999930e-01
1.787310098302055561e+00 9.998894900000000474e-01
1.785714285714286031e+00 9.998314999999999841e-01
1.784121320249776987e+00 9.998236299999999632e-01
1.782531194295900345e+00 9.999156000000000155e-01
1.780943900267141666e+00 9.998655899999999708e-01
1.779359430604982473e+00 9.998841899999999505e-01
1.777777777777777901e+00 9.998678600000000527e-01
1.776198934280639463e+00 9.998664900000000522e-01
1.774622892635315141e+00 9.998709000000000069e-01
1.773049645390071039e+00 9.999044499999999447e-01
1.771479185119574806e+00 9.999017700000000231e-01
1.769911504424778848e+00 9.999080299999999477e-01
1.768346595932802856e+00 9.999092800000000114e-01
1.766784452296819907e+00 9.998894900000000474e-01
1.765225066195940107e+00 9.998633300000000501e-01
1.763668430335097126e+00 9.999231100000000039e-01
1.762114537444934070e+00 9.999192399999999870e-01
1.760563380281690238e+00 9.999278799999999912e-01
1.759014951627088985e+00 9.999349100000000101e-01
1.757469244288225152e+00 9.999198900000000334e-01
1.755926251097454038e+00 9.999217400000000033e-01
1.754385964912280826e+00 9.999214400000000502e-01
1.752848378615249780e+00 9.999330600000000402e-01
1.751313485113835444e+00 9.999210800000000177e-01
1.749781277340332508e+00 9.999278799999999912e-01
1.748251748251748339e+00 9.999274000000000218e-01
1.746724890829694399e+00 9.998960500000000362e-01
1.745200698080279444e+00 9.999173900000000170e-01
1.743679163034001833e+00 9.999265099999999906e-01
1.742160278745644719e+00 9.999147099999999844e-01
1.740644038294169027e+00 9.999114300000000455e-01
1.739130434782608869e+00 9.999086900000000444e-01
1.737619461337966964e+00 9.999145900000000475e-01
1.736111111111111382e+00 9.999018899999999599e-01
1.734605377276669635e+00 9.999016499999999752e-01
1.733102253032929196e+00 9.999080299999999477e-01
1.731601731601731808e+00 9.998741100000000381e-01
1.730103806228374008e+00 9.998886599999999847e-01
1.728608470181504098e+00 9.998755499999999463e-01
1.727115716753022445e+00 9.998596899999999676e-01
1.725625539257981123e+00 9.998711300000000524e-01
1.724137931034482873e+00 9.998704200000000375e-01
1.722652885443583193e+00 9.998571299999999829e-01
1.721170395869191294e+00 9.998887800000000325e-01
1.719690455717971078e+00 9.999142899999999834e-01
1.718213058419244099e+00 9.999216199999999555e-01
1.716738197424892975e+00 9.999228700000000192e-01
1.715265866209262580e+00 9.999142300000000150e-01
1.713796058269066114e+00 9.998984899999999731e-01
1.712328767123287854e+00 9.999055300000000424e-01
1.710863986313088336e+00 9.998865099999999506e-01
1.709401709401709546e+00 9.998670800000000192e-01
1.707941929974380990e+00 9.998333499999999541e-01
1.706484641638225552e+00 9.998437199999999914e-01
1.705029838022165567e+00 9.998568899999999982e-01
1.703577512776831560e+00 9.998650599999999722e-01
1.702127659574468321e+00 9.998738200000000242e-01
1.700680272108843649e+00 9.998831700000000433e-01
1.699235344095157307e+00 9.999059399999999931e-01
1.697792869269949101e+00 9.998795999999999795e-01
1.696352841391009614e+00 9.999093999999999482e-01
1.694915254237288282e+00 9.998871700000000473e-01
1.693480101608806132e+00 9.998878799999999512e-01
1.692047377326565405e+00 9.999072599999999644e-01
1.690617075232460076e+00 9.998558199999999507e-01
1.689189189189189255e+00 9.999231699999999723e-01
1.687763713080168815e+00 9.998639200000000171e-01
1.686340640809443681e+00 9.998969399999999563e-01
1.684919966301601013e+00 9.998679799999999895e-01
1.683501683501683610e+00 9.998444899999999746e-01
1.682085786375105307e+00 9.999263900000000538e-01
1.680672268907563272e+00 9.998388900000000357e-01
1.679261125104953845e+00 9.999344300000000407e-01
1.677852348993288834e+00 9.998326899999999684e-01
1.676445934618608691e+00 9.999080900000000272e-01
1.675041876046901246e+00 9.998750699999999769e-01
1.673640167364016884e+00 9.998920000000000030e-01
1.672240802675585503e+00 9.999163199999999696e-01
1.670843776106934131e+00 9.999021299999999446e-01
1.669449081803004997e+00 9.999147699999999528e-01
1.668056713928273593e+00 9.998557000000000139e-01
1.666666666666666741e+00 9.994511600000000051e-01
1.665278934221482210e+00 9.993103100000000349e-01
1.663893510815307897e+00 9.999196500000000487e-01
1.662510390689942108e+00 9.998851399999999501e-01
1.661129568106312515e+00 9.999199500000000018e-01
1.659751037344398439e+00 9.998879999999999990e-01
1.658374792703151135e+00 9.999089799999999473e-01
1.657000828500414302e+00 9.998531299999999788e-01
1.655629139072847922e+00 9.998466999999999771e-01
1.654259718775848098e+00 9.997656900000000402e-01
1.652892561983471342e+00 9.997885199999999584e-01
1.651527663088356856e+00 9.996674100000000340e-01
1.650165016501650372e+00 9.996658000000000488e-01
1.648804616652926880e+00 9.996165599999999873e-01
1.647446457990115354e+00 9.997204499999999827e-01
1.646090534979423925e+00 9.997029299999999896e-01
1.644736842105263275e+00 9.997009000000000034e-01
1.643385373870172694e+00 9.996157900000000041e-01
1.642036124794745477e+00 9.996439799999999876e-01
1.640689089417555646e+00 9.996380799999999844e-01
1.639344262295082011e+00 9.997890000000000388e-01
1.638001638001638227e+00 9.997785099999999536e-01
1.636661211129296412e+00 9.998626099999999850e-01
1.635322976287816976e+00 9.998334100000000335e-01
1.633986928104575131e+00 9.998935500000000198e-01
1.632653061224489832e+00 9.998747700000000238e-01
1.631321370309951169e+00 9.998913400000000173e-01
1.629991850040749757e+00 9.998890799999999857e-01
1.628664495114006794e+00 9.998950399999999572e-01
1.627339300244101006e+00 9.999031400000000236e-01
1.626016260162601812e+00 9.999081499999999956e-01
1.624695369618196716e+00 9.999181000000000319e-01
1.623376623376623584e+00 9.999111299999999813e-01
1.622060016220600476e+00 9.999093999999999482e-01
1.620745542949757034e+00 9.998987299999999578e-01
1.619433198380566985e+00 9.998867500000000463e-01
1.618122977346278413e+00 9.998560499999999962e-01
1.616814874696847371e+00 9.998165399999999758e-01
1.615508885298869268e+00 9.997642599999999602e-01
1.614205004035512703e+00 9.996362899999999829e-01
1.612903225806451735e+00 9.994422800000000162e-01
1.611603545527800163e+00 9.990877500000000522e-01
1.610305958132045134e+00 9.988742499999999636e-01
1.609010458567980750e+00 9.984534999999999938e-01
1.607717041800643232e+00 9.986576999999999815e-01
1.606425702811245193e+00 9.993326099999999546e-01
1.605136436597110805e+00 9.993637800000000349e-01
1.603849238171612068e+00 9.983159900000000420e-01
1.602564102564102644e+00 9.979243899999999945e-01
1.601281024819855903e+00 9.982700899999999988e-01
1.600000000000000089e+00 9.990843499999999544e-01
1.598721023181455037e+00 9.995979699999999468e-01
1.597444089456869110e+00 9.998643999999999865e-01
1.596169193934557251e+00 9.999158400000000002e-01
1.594896331738437034e+00 9.999245399999999728e-01
1.593625498007968266e+00 9.999270399999999892e-01
1.592356687898089485e+00 9.999276400000000065e-01
1.591089896579156893e+00 9.999267499999999753e-01
1.589825119236884188e+00 9.999246600000000207e-01
1.588562351072279721e+00 9.999190599999999707e-01
1.587301587301587436e+00 9.999015300000000384e-01
1.586042823156225356e+00 9.998789399999999938e-01
1.584786053882725865e+00 9.998047399999999696e-01
1.583531274742676409e+00 9.996524500000000257e-01
1.582278481012658444e+00 9.994680299999999518e-01
1.581027667984189922e+00 9.991396099999999558e-01
1.579778830963665337e+00 9.988288300000000008e-01
1.578531965272296889e+00 9.985662699999999781e-01
1.577287066246056968e+00 9.986337400000000475e-01
1.576044129235618874e+00 9.992912999999999935e-01
1.574803149606299302e+00 9.993307599999999846e-01
1.573564122738001725e+00 9.982958400000000454e-01
1.572327044025157328e+00 9.978806399999999854e-01
1.571091908876669274e+00 9.981142299999999912e-01
1.569858712715855642e+00 9.990181900000000281e-01
1.568627450980392357e+00 9.996510100000000065e-01
1.567398119122257238e+00 9.998643999999999865e-01
1.566170712607674265e+00 9.999170899999999529e-01
1.564945226917058063e+00 9.999256699999999887e-01
1.563721657544957067e+00 9.999269800000000208e-01
1.562500000000000222e+00 9.999265699999999590e-01
1.561280249804840148e+00 9.999260899999999896e-01
1.560062402496100065e+00 9.999259099999999734e-01
1.558846453624318062e+00 9.999259700000000528e-01
1.557632398753894254e+00 9.999260899999999896e-01
1.556420233463035041e+00 9.999262100000000375e-01
1.555209953343701379e+00 9.999261499999999581e-01
1.554001554001554153e+00 9.999260300000000212e-01
1.552795031055900887e+00 9.999259700000000528e-01
1.551590380139643344e+00 9.999257299999999571e-01
1.550387596899224896e+00 9.999254300000000040e-01
1.549186676994577905e+00 9.999246000000000523e-01
1.547987616099071317e+00 9.999228700000000192e-01
1.546790409899458929e+00 9.999180399999999524e-01
1.545595054095826981e+00 9.999036799999999614e-01
1.544401544401544424e+00 9.998891399999999541e-01
1.543209876543209846e+00 9.998441300000000531e-01
1.542020046260601518e+00 9.998073600000000338e-01
1.540832049306625651e+00 9.997705799999999643e-01
1.539645881447267328e+00 9.997841100000000036e-01
1.538461538461538769e+00 9.998531299999999788e-01
1.537279016141429810e+00 9.998588000000000475e-01
1.536098310291858615e+00 9.997577100000000216e-01
1.534919416730621711e+00 9.997266500000000500e-01
1.533742331288343586e+00 9.997484700000000002e-01
1.532567049808429172e+00 9.998236299999999632e-01
1.531393568147013884e+00 9.998751299999999453e-01
1.530221882172915215e+00 9.998927100000000179e-01
1.529051987767584331e+00 9.999049300000000251e-01
1.527883880825057439e+00 9.999033200000000399e-01
1.526717557251908497e+00 9.999002200000000062e-01
1.525553012967200806e+00 9.999045100000000241e-01
1.524390243902439268e+00 9.999140499999999987e-01
1.523229246001523318e+00 9.999200700000000497e-01
1.522070015220700290e+00 9.999212600000000339e-01
1.520912547528517234e+00 9.999212600000000339e-01
1.519756838905775176e+00 9.999197699999999855e-01
1.518602885345482267e+00 9.999189400000000338e-01
1.517450682852807375e+00 9.999181600000000003e-01
1.516300227445034343e+00 9.999175700000000333e-01
1.515151515151515138e+00 9.999198299999999540e-01
1.514004542013626109e+00 9.999166099999999835e-01
1.512859304084720247e+00 9.999167300000000314e-01
1.511715797430083441e+00 9.999191200000000501e-01
1.510574018126888296e+00 9.999188799999999544e-01
1.509433962264151052e+00 9.999128600000000144e-01
1.508295625942684959e+00 9.999070799999999481e-01
1.507159005275056529e+00 9.999181000000000319e-01
1.506024096385542244e+00 9.999187600000000176e-01
1.504890895410083029e+00 9.999053500000000261e-01
1.503759398496240740e+00 9.998959899999999568e-01
1.502629601803155523e+00 9.999089199999999789e-01
1.501501501501501634e+00 9.999136299999999977e-01
1.500375093773443469e+00 9.999144699999999997e-01
1.499250374812593822e+00 9.999057700000000271e-01
1.498127340823970144e+00 9.998869900000000310e-01
1.497005988023952350e+00 9.998817399999999633e-01
1.495886312640239524e+00 9.998820999999999959e-01
1.494768310911808840e+00 9.998898499999999689e-01
1.493651979088872483e+00 9.998992700000000067e-01
1.492537313432835910e+00 9.998972400000000205e-01
1.491424310216256544e+00 9.998660099999999717e-01
1.490312965722801808e+00 9.998999800000000215e-01
1.489203276247207830e+00 9.998840700000000137e-01
1.488095238095238138e+00 9.998624299999999687e-01
1.486988847583643247e+00 9.998124200000000350e-01
1.485884101040118921e+00 9.998613600000000323e-01
1.484780994803266641e+00 9.998548000000000435e-01
1.483679525222551865e+00 9.998783500000000268e-01
1.482579688658265393e+00 9.998290499999999970e-01
1.481481481481481621e+00 9.997301699999999736e-01
1.480384900074019239e+00 9.996439799999999876e-01
1.479289940828402372e+00 9.997941900000000270e-01
1.478196600147819728e+00 9.997115100000000254e-01
1.477104874446085736e+00 9.996576900000000432e-01
1.476014760147601468e+00 9.997662899999999464e-01
1.474926253687315780e+00 9.998789999999999623e-01
1.473839351510685569e+00 9.997238499999999695e-01
1.472754050073637799e+00 9.995468299999999973e-01
1.471670345842531313e+00 9.995303800000000516e-01
1.470588235294117752e+00 9.994147399999999681e-01
1.469507714915503360e+00 9.995672100000000393e-01
1.468428781204111688e+00 9.998534900000000114e-01
1.467351430667644951e+00 9.996781300000000536e-01
1.466275659824046951e+00 9.997357700000000236e-01
1.465201465201465325e+00 9.996589399999999959e-01
1.464128843338213803e+00 9.998461600000000393e-01
1.463057790782736012e+00 9.996564399999999795e-01
1.461988304093567503e+00 9.998599900000000318e-01
1.460920379839298899e+00 9.997491800000000151e-01
1.459854014598540140e+00 9.997390499999999625e-01
1.458789204959883401e+00 9.999002799999999747e-01
1.457725947521866017e+00 9.998087300000000344e-01
1.456664238892935170e+00 9.998793000000000264e-01
1.455604075691411925e+00 9.994955100000000314e-01
1.454545454545454808e+00 9.997785700000000331e-01
1.453488372093023395e+00 9.998149899999999590e-01
1.452432824981844561e+00 9.996845699999999946e-01
1.451378809869376063e+00 9.995124899999999757e-01
1.450326323422770125e+00 9.992140499999999648e-01
1.449275362318840799e+00 9.997888200000000225e-01
1.448225923244026214e+00 9.997344599999999915e-01
1.447178002894356164e+00 9.996186500000000530e-01
1.446131597975415906e+00 9.988668600000000231e-01
1.445086705202312194e+00 9.991080199999999856e-01
1.444043321299639082e+00 9.993923900000000193e-01
1.443001443001443063e+00 9.988578000000000179e-01
1.441961067051189760e+00 9.986040000000000472e-01
1.440922190201729070e+00 9.982644299999999804e-01
1.439884809215262962e+00 9.974080899999999694e-01
1.438848920863309289e+00 9.966304900000000355e-01
1.437814521926671585e+00 9.962062799999999996e-01
1.436781609195402432e+00 9.957520399999999494e-01
1.435750179468772592e+00 9.964345100000000510e-01
1.434720229555236815e+00 9.975487600000000343e-01
1.433691756272401641e+00 9.974469500000000544e-01
1.432664756446991428e+00 9.926594499999999988e-01
1.431639226914817709e+00 9.900723099999999555e-01
1.430615164520744109e+00 9.967164400000000368e-01
1.429592566118656372e+00 9.997014400000000522e-01
1.428571428571428603e+00 9.995649500000000076e-01
1.427551748750892413e+00 9.994992000000000321e-01
1.426533523537803383e+00 9.997731399999999491e-01
1.425516749821810425e+00 9.995572000000000346e-01
1.424501424501424474e+00 9.996038699999999499e-01
1.423487544483985845e+00 9.993143700000000074e-01
1.422475106685633151e+00 9.997375600000000251e-01
1.421464108031272433e+00 9.996802799999999767e-01
1.420454545454545636e+00 9.995216700000000287e-01
1.419446415897799962e+00 9.988605400000000190e-01
1.418439716312057008e+00 9.992721100000000467e-01
1.417434443656981014e+00 9.994361400000000284e-01
1.416430594900849993e+00 9.998110500000000345e-01
1.415428167020523764e+00 9.993225900000000106e-01
1.414427157001414415e+00 9.977973700000000168e-01
1.413427561837456103e+00 9.992905899999999786e-01
1.412429378531073532e+00 9.992183999999999511e-01
1.411432604093154630e+00 9.994763700000000028e-01
1.410437235543018364e+00 9.993988900000000397e-01
1.409443269908386309e+00 9.963653700000000280e-01
1.408450704225352235e+00 9.993397000000000530e-01
1.407459535538353457e+00 9.973491399999999674e-01
1.406469760900140864e+00 9.989426700000000325e-01
1.405481377371750051e+00 9.965026399999999951e-01
1.404494382022472010e+00 9.962085499999999705e-01
1.403508771929824706e+00 9.994779200000000197e-01
1.402524544179523103e+00 9.996399299999999544e-01
1.401541695865452075e+00 9.972336899999999504e-01
1.400560224089635764e+00 9.950776099999999458e-01
1.399580125962211596e+00 9.958549700000000060e-01
1.398601398601398538e+00 9.997547300000000359e-01
1.397624039133473328e+00 9.994958600000000137e-01
1.396648044692737622e+00 9.937809699999999857e-01
1.395673412421493564e+00 9.951428199999999835e-01
1.394700139470014033e+00 9.964349900000000204e-01
1.393728222996515775e+00 9.995499300000000309e-01
1.392757660167130984e+00 9.943330299999999511e-01
1.391788448155880431e+00 9.970593500000000109e-01
1.390820584144645489e+00 9.994946700000000295e-01
1.389854065323141041e+00 9.986249200000000270e-01
1.388888888888889062e+00 9.987529499999999727e-01
1.387925052047189522e+00 9.952510599999999652e-01
1.386962552011095751e+00 9.992136400000000140e-01
1.386001386001386226e+00 9.978434400000000259e-01
1.385041551246537495e+00 9.960164400000000029e-01
1.384083044982699073e+00 9.970953500000000469e-01
1.383125864453665477e+00 9.918605099999999730e-01
1.382170006910850235e+00 9.945800299999999483e-01
1.381215469613259694e+00 9.939166900000000471e-01
1.380262249827467258e+00 9.947360800000000225e-01
1.379310344827586299e+00 9.983999700000000255e-01
1.378359751895244845e+00 9.977350200000000280e-01
1.377410468319559378e+00 9.984835399999999472e-01
1.376462491397109522e+00 9.985156099999999979e-01
1.375515818431912063e+00 9.987669599999999814e-01
1.374570446735395413e+00 9.985602500000000381e-01
1.373626373626373853e+00 9.990410199999999463e-01
1.372683596431022668e+00 9.986630699999999861e-01
1.371742112482853271e+00 9.969986100000000073e-01
1.370801919122686785e+00 9.938472499999999599e-01
1.369863013698630283e+00 9.962520599999999948e-01
1.368925393566050808e+00 9.955891399999999836e-01
1.367989056087551392e+00 9.933412700000000539e-01
1.367053998632946188e+00 9.972039499999999501e-01
1.366120218579235157e+00 9.978715799999999803e-01
1.365187713310580309e+00 9.926381699999999864e-01
1.364256480218281276e+00 9.930854999999999544e-01
1.363326516700750002e+00 9.991754299999999755e-01
1.362397820163487872e+00 9.900790499999999605e-01
1.361470388019060840e+00 9.925753499999999674e-01
1.360544217687075008e+00 9.969151600000000224e-01
1.359619306594153754e+00 9.952309099999999686e-01
1.358695652173913082e+00 9.968954300000000268e-01
1.357773251866938313e+00 9.969254699999999803e-01
1.356852103120759878e+00 9.976954500000000392e-01
1.355932203389830670e+00 9.967272900000000435e-01
1.355013550135501399e+00 9.963838499999999598e-01
1.354096140825998829e+00 9.983989599999999465e-01
1.353179972936400688e+00 9.974451699999999921e-01
1.352265043948614132e+00 9.989692000000000016e-01
1.351351351351351537e+00 9.993915599999999566e-01
1.350438892640108079e+00 9.989818299999999596e-01
1.349527665317139080e+00 9.997246300000000030e-01
1.348617666891436473e+00 9.994440700000000177e-01
1.347708894878706376e+00 9.993588300000000313e-01
1.346801346801346888e+00 9.997967500000000118e-01
1.345895020188425439e+00 9.997922799999999777e-01
1.344989912575655699e+00 9.998196999999999779e-01
1.344086021505376483e+00 9.997241500000000336e-01
1.343183344526527989e+00 9.998586799999999997e-01
1.342281879194631156e+00 9.998608199999999835e-01
1.341381623071764118e+00 9.998388299999999562e-01
1.340482573726541782e+00 9.998137999999999748e-01
1.339584728734092511e+00 9.998550400000000282e-01
1.338688085676037698e+00 9.998430000000000373e-01
1.337792642140468446e+00 9.998231499999999938e-01
1.336898395721925148e+00 9.998464599999999924e-01
1.336005344021376162e+00 9.997890000000000388e-01
1.335113484646195170e+00 9.998714899999999739e-01
1.334222815210140300e+00 9.998535499999999798e-01
1.333333333333333481e+00 9.998629100000000491e-01
1.332445036642238678e+00 9.998153400000000524e-01
1.331557922769640578e+00 9.998329900000000325e-01
1.330671989354624163e+00 9.998596299999999992e-01
1.329787234042553390e+00 9.998682100000000350e-01
1.328903654485049879e+00 9.998403200000000046e-01
1.328021248339973592e+00 9.998674400000000517e-01
1.327140013271400409e+00 9.998729800000000223e-01
1.326259946949602142e+00 9.998829399999999978e-01
1.325381047051027217e+00 9.998758399999999602e-01
1.324503311258278249e+00 9.998768000000000100e-01
1.323626737260092723e+00 9.998700000000000365e-01
1.322751322751323011e+00 9.998649400000000353e-01
1.321877065432915055e+00 9.998680899999999871e-01
1.321003963011889049e+00 9.998593300000000461e-01
1.320132013201320120e+00 9.998298300000000305e-01
1.319261213720316572e+00 9.998487799999999925e-01
1.318391562294001229e+00 9.998441900000000215e-01
1.317523056653491453e+00 9.998658900000000349e-01
1.316655694535878940e+00 9.998652900000000177e-01
1.315789473684210620e+00 9.998469399999999618e-01
1.314924391847468899e+00 9.998355500000000173e-01
1.314060446780552116e+00 9.998286400000000462e-01
1.313197636244254785e+00 9.998554600000000292e-01
1.312335958005249381e+00 9.998761400000000243e-01
1.311475409836065698e+00 9.998875900000000483e-01
1.310615989515072188e+00 9.998757799999999918e-01
1.309757694826457319e+00 9.998725699999999605e-01
1.308900523560209583e+00 9.998872300000000157e-01
1.308044473512099515e+00 9.998753700000000411e-01
1.307189542483660150e+00 9.998807299999999953e-01
1.306335728282168596e+00 9.998810299999999485e-01
1.305483028720626715e+00 9.998851399999999501e-01
1.304631441617743137e+00 9.998804300000000422e-01
1.303780964797914166e+00 9.998776299999999617e-01
1.302931596091205124e+00 9.998812700000000442e-01
1.302083333333333481e+00 9.998848999999999654e-01
1.301236174365647535e+00 9.998832899999999801e-01
1.300390117035110649e+00 9.998810299999999485e-01
1.299545159194282151e+00 9.998816299999999657e-01
1.298701298701298912e+00 9.998839499999999658e-01
1.297858533419857352e+00 9.998793000000000264e-01
1.297016861219195905e+00 9.998782299999999790e-01
1.296176279974076584e+00 9.998773300000000086e-01
1.295336787564767000e+00 9.998699399999999571e-01
1.294498381877022819e+00 9.998748899999999606e-01
1.293661060802069995e+00 9.998737599999999448e-01
1.292824822236587012e+00 9.998743500000000228e-01
1.291989664082687339e+00 9.998734000000000233e-01
1.291155584247901889e+00 9.998527200000000281e-01
1.290322580645161477e+00 9.998677999999999733e-01
1.289490651192779058e+00 9.998673200000000039e-01
1.288659793814433074e+00 9.998460999999999599e-01
1.287830006439150132e+00 9.998800799999999489e-01
1.287001287001287020e+00 9.998382300000000500e-01
1.286173633440514719e+00 9.998502700000000409e-01
1.285347043701799752e+00 9.998777500000000096e-01
1.284521515735388641e+00 9.997618200000000233e-01
1.283697047496790811e+00 9.998666000000000498e-01
1.282873636946760820e+00 9.997688500000000422e-01
1.282051282051282159e+00 9.997768400000000000e-01
1.281229980781550370e+00 9.998157600000000533e-01
1.280409731113956617e+00 9.995990999999999627e-01
1.279590531030070366e+00 9.997270099999999715e-01
1.278772378516624286e+00 9.995174399999999792e-01
1.277955271565495377e+00 9.995377100000000237e-01
1.277139208173690976e+00 9.993905400000000494e-01
1.276324186343331224e+00 9.990561599999999709e-01
1.275510204081632626e+00 9.992940399999999945e-01
1.274697259400892513e+00 9.988917699999999567e-01
1.273885350318471277e+00 9.987442500000000001e-01
1.273074474856779270e+00 9.985203700000000460e-01
1.272264631043257266e+00 9.986553200000000130e-01
1.271455816910362469e+00 9.990378600000000553e-01
1.270648030495552749e+00 9.987163500000000305e-01
1.269841269841269993e+00 9.975979299999999661e-01
1.269035532994923887e+00 9.889495400000000158e-01
1.268230818008877714e+00 9.945077300000000342e-01
1.267427122940431028e+00 9.984880699999999498e-01
1.266624445851805225e+00 9.972016200000000108e-01
1.265822784810126667e+00 9.970235200000000519e-01
1.265022137887413134e+00 9.973442599999999825e-01
1.264222503160556288e+00 9.968121599999999471e-01
1.263423878711307680e+00 9.978091100000000546e-01
1.262626262626262763e+00 9.976850200000000335e-01
1.261829652996845352e+00 9.984487300000000065e-01
1.261034047919293855e+00 9.987553999999999599e-01
1.260239445494644173e+00 9.991546900000000120e-01
1.259445843828715272e+00 9.992702599999999657e-01
1.258653241032095638e+00 9.995093299999999736e-01
1.257861635220125951e+00 9.996160899999999572e-01
1.257071024512885105e+00 9.995123099999999594e-01
1.256281407035175990e+00 9.996875499999999803e-01
1.255492780916509954e+00 9.995999899999999938e-01
1.254705144291091701e+00 9.997480499999999992e-01
1.253918495297805746e+00 9.996894600000000297e-01
1.253132832080200654e+00 9.997906699999999924e-01
1.252348152786474600e+00 9.997518100000000185e-01
1.251564455569462053e+00 9.998259499999999633e-01
1.250781738586616676e+00 9.998052699999999682e-01
1.250000000000000000e+00 9.998446699999999909e-01
1.249219237976264774e+00 9.998331099999999694e-01
1.248439450686641639e+00 9.998508699999999472e-01
1.247660636306924475e+00 9.998570100000000460e-01
1.246882793017456414e+00 9.998576000000000130e-01
1.246105919003115403e+00 9.998662499999999564e-01
1.245330012453300217e+00 9.998626099999999850e-01
1.244555071561916915e+00 9.998685099999999881e-01
1.243781094527363296e+00 9.998667799999999550e-01
1.243008079552517131e+00 9.998682700000000034e-01
1.242236024844720621e+00 9.998679200000000211e-01
1.241464928615766627e+00 9.998679200000000211e-01
1.240694789081886018e+00 9.998675000000000201e-01
1.239925604463732345e+00 9.998670800000000192e-01
1.239157372986369188e+00 9.998666600000000182e-01
1.238390092879257054e+00 9.998661300000000196e-01
1.237623762376237835e+00 9.998660099999999717e-01
1.236858379715522593e+00 9.998664299999999727e-01
1.236093943139678686e+00 9.998666600000000182e-01
1.235330450895614662e+00 9.998634499999999870e-01
1.234567901234568055e+00 9.998616599999999854e-01
1.233806292412091388e+00 9.998625500000000166e-01
1.233045622688039522e+00 9.998633300000000501e-01
1.232285890326555888e+00 9.998630299999999860e-01
1.231527093596059164e+00 9.998616000000000170e-01
1.230769230769230838e+00 9.998612999999999529e-01
1.230012300123001445e+00 9.998605299999999696e-01
1.229256299938537245e+00 9.998623100000000319e-01
1.228501228501228670e+00 9.998584999999999834e-01
1.227747084100675456e+00 9.998487799999999925e-01
1.226993865030675090e+00 9.998422900000000224e-01
1.226241569589209046e+00 9.998412100000000358e-01
1.225490196078431460e+00 9.998333499999999541e-01
1.224739742804654030e+00 9.998148700000000222e-01
1.223990208078335584e+00 9.997882200000000052e-01
1.223241590214067420e+00 9.997688500000000422e-01
1.222493887530562429e+00 9.997442399999999507e-01
1.221747098350641547e+00 9.997648599999999774e-01
1.221001221001221104e+00 9.998116500000000517e-01
1.220256253813300829e+00 9.997987699999999478e-01
1.219512195121951192e+00 9.996589999999999643e-01
1.218769043266301200e+00 9.996173400000000209e-01
1.218026796589525063e+00 9.997561000000000364e-01
1.217285453438831544e+00 9.998621300000000156e-01
1.216545012165450190e+00 9.998604700000000012e-01
1.215805471124620230e+00 9.998607000000000466e-01
1.215066828675577248e+00 9.998574300000000470e-01
1.214329083181542313e+00 9.998552800000000129e-01
1.213592233009708865e+00 9.998552800000000129e-01
1.212856276531231181e+00 9.998483700000000418e-01
1.212121212121212155e+00 9.998400200000000515e-01
1.211387038158691754e+00 9.998270299999999500e-01
1.210653753026634583e+00 9.998100399999999555e-01
1.209921355111917673e+00 9.997900100000000068e-01
1.209189842805320492e+00 9.997470400000000312e-01
1.208459214501510726e+00 9.997243300000000499e-01
1.207729468599034073e+00 9.996951800000000166e-01
1.207000603500301805e+00 9.996914300000000475e-01
1.206272617611580333e+00 9.997565200000000374e-01
1.205545509342977883e+00 9.997912599999999594e-01
1.204819277108433839e+00 9.995924800000000054e-01
1.204093919325707418e+00 9.994785800000000053e-01
1.203369434416365902e+00 9.996459500000000054e-01
1.202645820805772647e+00 9.998577199999999499e-01
1.201923076923077094e+00 9.998512299999999797e-01
1.201201201201201219e+00 9.998533099999999951e-01
1.200480192076830877e+00 9.998544499999999502e-01
1.199760047990402034e+00 9.998549199999999804e-01
1.199040767386091222e+00 9.998469899999999910e-01
1.198322348711803542e+00 9.998536700000000277e-01
1.197604790419161791e+00 9.998498000000000108e-01
1.196888090963494911e+00 9.998561099999999646e-01
1.196172248803827776e+00 9.998537899999999645e-01
1.195457262402869203e+00 9.998522399999999477e-01
1.194743130227001293e+00 9.998538500000000440e-01
1.194029850746268773e+00 9.998536700000000277e-01
1.193317422434367669e+00 9.998481299999999461e-01
1.192605843768634655e+00 9.998550400000000282e-01
1.191895113230035719e+00 9.998521200000000109e-01
1.191185229303156845e+00 9.998516400000000415e-01
1.190476190476190466e+00 9.998503899999999778e-01
1.189767995240928133e+00 9.998525400000000118e-01
1.189060642092746978e+00 9.998489600000000088e-01
1.188354129530600156e+00 9.998373999999999873e-01
1.187648456057007085e+00 9.998348999999999709e-01
1.186943620178041670e+00 9.998500299999999452e-01
1.186239620403321426e+00 9.998516400000000415e-01
1.185536455245998821e+00 9.998489000000000404e-01
1.184834123222748836e+00 9.998390099999999725e-01
1.184132622853759642e+00 9.998407999999999740e-01
1.183431952662721942e+00 9.998514099999999960e-01
1.182732111176818535e+00 9.998464000000000240e-01
1.182033096926714100e+00 9.998211900000000263e-01
1.181334908446544762e+00 9.998416300000000367e-01
1.180637544273907880e+00 9.998507500000000103e-01
1.179941002949852713e+00 9.998441900000000215e-01
1.179245283018867996e+00 9.998443099999999584e-01
1.178550383028874604e+00 9.998455600000000221e-01
1.177856301531213123e+00 9.998328100000000163e-01
1.177163037080635855e+00 9.998437799999999598e-01
1.176470588235294157e+00 9.998500900000000247e-01
1.175778953556731343e+00 9.998452100000000398e-01
1.175088131609870690e+00 9.998453899999999450e-01
1.174398120963006553e+00 9.998359700000000183e-01
1.173708920187793492e+00 9.998362699999999714e-01
1.173020527859237605e+00 9.998451499999999603e-01
1.172332942555685875e+00 9.998409200000000219e-01
1.171646162858816620e+00 9.998462200000000077e-01
1.170960187353630166e+00 9.998425800000000363e-01
1.170275014628437749e+00 9.998438400000000392e-01
1.169590643274853736e+00 9.998443099999999584e-01
1.168907071887784976e+00 9.998436600000000229e-01
1.168224299065420579e+00 9.998405000000000209e-01
1.167542323409223703e+00 9.998429399999999578e-01
1.166861143523920674e+00 9.998384099999999552e-01
1.166180758017492769e+00 9.998372199999999710e-01
1.165501165501165559e+00 9.998336399999999680e-01
1.164822364589400250e+00 9.998387100000000194e-01
1.164144353899883688e+00 9.998400200000000515e-01
1.163467132053519704e+00 9.998397199999999874e-01
1.162790697674418672e+00 9.998353100000000326e-01
1.162115049389889743e+00 9.998293499999999501e-01
1.161440185830429739e+00 9.998329299999999531e-01
1.160766105629715605e+00 9.998248800000000269e-01
1.160092807424593975e+00 9.998154599999999892e-01
1.159420289855072506e+00 9.998127799999999565e-01
1.158748551564310780e+00 9.998097999999999708e-01
1.158077591198610312e+00 9.998089700000000191e-01
1.157407407407407662e+00 9.998097999999999708e-01
1.156737998843262005e+00 9.998221400000000259e-01
1.156069364161849800e+00 9.997742200000000468e-01
1.155401502021952576e+00 9.997797600000000173e-01
1.154734411085450496e+00 9.998012200000000460e-01
1.154068090017311032e+00 9.997426900000000449e-01
1.153402537485582524e+00 9.998235699999999948e-01
1.152737752161383522e+00 9.995845599999999553e-01
1.152073732718894128e+00 9.996752700000000047e-01
1.151410477835348445e+00 9.997783300000000484e-01
1.150747986191024363e+00 9.997775599999999541e-01
1.150086256469235346e+00 9.996614499999999515e-01
1.149425287356321990e+00 9.996652000000000315e-01
1.148765077541642698e+00 9.997281399999999874e-01
1.148105625717566136e+00 9.998050899999999519e-01
1.147446930579460789e+00 9.996052399999999505e-01
1.146788990825688082e+00 9.995017099999999877e-01
1.146131805157593053e+00 9.996724099999999558e-01
1.145475372279496140e+00 9.995968899999999602e-01
1.144819690898683628e+00 9.996187699999999898e-01
1.144164759725400549e+00 9.994418000000000468e-01
1.143510577472841572e+00 9.997664099999999943e-01
1.142857142857143016e+00 9.998213599999999923e-01
1.142204454597373076e+00 9.997481700000000471e-01
1.141552511415525384e+00 9.997029899999999580e-01
1.140901312036508797e+00 9.995532000000000306e-01
1.140250855188141399e+00 9.997780299999999842e-01
1.139601139601139623e+00 9.997924599999999939e-01
1.138952164009111812e+00 9.997275500000000203e-01
1.138303927148548889e+00 9.996741399999999889e-01
1.137656427758817035e+00 9.997538900000000339e-01
1.137009664582149027e+00 9.998260100000000428e-01
1.136363636363636465e+00 9.995104099999999603e-01
1.135718341851221114e+00 9.995440199999999775e-01
1.135073779795686688e+00 9.990209899999999976e-01
1.134429948950652189e+00 9.991457500000000547e-01
1.133786848072562359e+00 9.995824700000000007e-01
1.133144475920679906e+00 9.996993499999999866e-01
1.132502831257078402e+00 9.997205700000000306e-01
1.131861912846632734e+00 9.998056300000000007e-01
1.131221719457013553e+00 9.998115300000000039e-01
1.130582249858677280e+00 9.997686099999999465e-01
1.129943502824858781e+00 9.994429900000000311e-01
1.129305477131564039e+00 9.994827499999999754e-01
1.128668171557562161e+00 9.996162100000000050e-01
1.128031584884376937e+00 9.993960899999999592e-01
1.127395715896279738e+00 9.995358600000000537e-01
1.126760563380281743e+00 9.997381600000000423e-01
1.126126126126126392e+00 9.995199999999999640e-01
1.125492402926280500e+00 9.991527199999999942e-01
1.124859392575928041e+00 9.996982800000000502e-01
1.124227093872962380e+00 9.996343300000000154e-01
1.123595505617977608e+00 9.993987699999999919e-01
1.122964626614261885e+00 9.994465700000000341e-01
1.122334455667788999e+00 9.992677599999999494e-01
1.121704991587212596e+00 9.995410999999999602e-01
1.121076233183856630e+00 9.996914900000000159e-01
1.120448179271708700e+00 9.995115999999999445e-01
1.119820828667413171e+00 9.997270700000000510e-01
1.119194180190263177e+00 9.996150099999999705e-01
1.118568232662192408e+00 9.996719400000000366e-01
1.117942984907769777e+00 9.997308299999999592e-01
1.117318435754189876e+00 9.996737799999999563e-01
1.116694584031267645e+00 9.996535800000000416e-01
1.116071428571428603e+00 9.997595500000000523e-01
1.115448968209704628e+00 9.997326699999999899e-01
1.114827201783723742e+00 9.997691499999999953e-01
1.114206128133705009e+00 9.998041399999999523e-01
1.113585746102450091e+00 9.997786899999999699e-01
1.112966054535336813e+00 9.997788100000000178e-01
1.112347052280311610e+00 9.998151100000000069e-01
1.111728738187882204e+00 9.998043199999999686e-01
1.111111111111111382e+00 9.997974600000000267e-01
1.110494169905608119e+00 9.998041399999999523e-01
1.109877913429522689e+00 9.998185600000000228e-01
1.109262340543538450e+00 9.998158799999999902e-01
1.108647450110864963e+00 9.998070599999999697e-01
1.108033240997229996e+00 9.998107600000000206e-01
1.107419712070875084e+00 9.998194000000000248e-01
1.106806862202545760e+00 9.998131999999999575e-01
1.106194690265486891e+00 9.998083700000000018e-01
1.105583195135434016e+00 9.998143900000000528e-01
1.104972375690607800e+00 9.998155800000000371e-01
1.104362230811706258e+00 9.998084299999999702e-01
1.103752759381898541e+00 9.998169500000000376e-01
1.103143960286817382e+00 9.998124800000000034e-01
1.102535832414553552e+00 9.998116500000000517e-01
1.101928374655647414e+00 9.998116500000000517e-01
1.101321585903083822e+00 9.998149899999999590e-01
1.100715465052284125e+00 9.998129000000000044e-01
1.100110011001100174e+00 9.998115899999999723e-01
1.099505222649807656e+00 9.998109899999999550e-01
1.098901098901098994e+00 9.998137400000000063e-01
1.098297638660077125e+00 9.998145699999999580e-01
1.097694840834248176e+00 9.998133200000000054e-01
1.097092704333516355e+00 9.998165399999999758e-01
1.096491228070175517e+00 9.998146900000000059e-01
1.095890410958904049e+00 9.998105800000000043e-01
1.095290251916757995e+00 9.998142700000000049e-01
1.094690749863163726e+00 9.998120700000000527e-01
1.094091903719912606e+00 9.998146300000000375e-01
1.093493712411153673e+00 9.998142700000000049e-01
1.092896174863388081e+00 9.998089700000000191e-01
1.092299290005461554e+00 9.998103400000000196e-01
1.091703056768559055e+00 9.998142100000000365e-01
1.091107474086197682e+00 9.998134400000000532e-01
1.090512540894220450e+00 9.998088499999999712e-01
1.089918256130790297e+00 9.998105800000000043e-01
1.089324618736383643e+00 9.998096199999999545e-01
1.088731627653783507e+00 9.998102800000000512e-01
1.088139281828074179e+00 9.998101000000000349e-01
1.087547580206634112e+00 9.998095599999999861e-01
1.086956521739130377e+00 9.998087900000000028e-01
1.086366105377512437e+00 9.998046800000000012e-01
1.085776330076004381e+00 9.998068799999999534e-01
1.085187194791101595e+00 9.998086099999999865e-01
1.084598698481561874e+00 9.998078900000000324e-01
1.084010840108400986e+00 9.998072999999999544e-01
1.083423618634886454e+00 9.998059900000000333e-01
1.082837033026529561e+00 9.998076000000000185e-01
1.082251082251082464e+00 9.998071200000000491e-01
1.081665765278529090e+00 9.998059900000000333e-01
1.081081081081081141e+00 9.998056899999999692e-01
1.080497028633171208e+00 9.998049100000000466e-01
1.079913606911447221e+00 9.998047399999999696e-01
1.079330814894765345e+00 9.998047399999999696e-01
1.078748651564185757e+00 9.998046800000000012e-01
1.078167115902965101e+00 9.998038399999999992e-01
1.077586206896551824e+00 9.998019900000000293e-01
1.077005923532579512e+00 9.998028300000000312e-01
1.076426264800861121e+00 9.998015199999999991e-01
1.075847229693383644e+00 9.998021099999999661e-01
1.075268817204301230e+00 9.998004999999999809e-01
1.074691026329930299e+00 9.997985999999999818e-01
1.074113856068743544e+00 9.997996700000000292e-01
1.073537305421363497e+00 9.997972800000000104e-01
1.072961373390558082e+00 9.997977000000000114e-01
1.072386058981233292e+00 9.997950199999999787e-01
1.071811361200428747e+00 9.997933500000000251e-01
1.071237279057311254e+00 9.997940100000000108e-01
1.070663811563169254e+00 9.997918000000000083e-01
1.070090957731407277e+00 9.997900100000000068e-01
1.069518716577540163e+00 9.997892400000000235e-01
1.068947087119187733e+00 9.997829200000000194e-01
1.068376068376068577e+00 9.997703399999999796e-01
1.067805659369994720e+00 9.997546699999999564e-01
1.067235859124866515e+00 9.997821999999999543e-01
1.066666666666666652e+00 9.997835800000000051e-01
1.066098081023454158e+00 9.997767800000000316e-01
1.065530101225359738e+00 9.997743999999999520e-01
1.064962726304579554e+00 9.997772000000000325e-01
1.064395955295369900e+00 9.997741599999999673e-01
1.063829787234042534e+00 9.997779100000000474e-01
1.063264221158958023e+00 9.997808299999999537e-01
1.062699256110520629e+00 9.997854200000000358e-01
1.062134891131173875e+00 9.997867900000000363e-01
1.061571125265392768e+00 9.997883400000000531e-01
1.061007957559681802e+00 9.997875099999999904e-01
1.060445387062566303e+00 9.997880500000000392e-01
1.059883412824589310e+00 9.997871499999999578e-01
1.059322033898305149e+00 9.997872100000000373e-01
1.058761249338274313e+00 9.997875099999999904e-01
1.058201058201058142e+00 9.997870300000000210e-01
1.057641459545214158e+00 9.997871499999999578e-01
1.057082452431289843e+00 9.997860200000000530e-01
1.056524035921817317e+00 9.997863200000000061e-01
1.055966209081309559e+00 9.997860800000000214e-01
1.055408970976253302e+00 9.997852400000000195e-01
1.054852320675105704e+00 9.997838100000000505e-01
1.054296257248286794e+00 9.997829200000000194e-01
1.053740779768177038e+00 9.997814299999999710e-01
1.053185887309110225e+00 9.997795200000000326e-01
1.052631578947368585e+00 9.997767800000000316e-01
1.052077853761178350e+00 9.997757699999999526e-01
1.051524710830704645e+00 9.997752899999999832e-01
1.050972149238045272e+00 9.997768400000000000e-01
1.050420168067227156e+00 9.997734400000000132e-01
1.049868766404199460e+00 9.997638500000000095e-01
1.049317943336831149e+00 9.997612200000000060e-01
1.048767697954902989e+00 9.997740999999999989e-01
1.048218029350104885e+00 9.997761200000000459e-01
1.047668936616029445e+00 9.997755900000000473e-01
1.047120418848167533e+00 9.997740999999999989e-01
1.046572475143903835e+00 9.997715999999999825e-01
1.046025104602510414e+00 9.997700999999999949e-01
1.045478306325143825e+00 9.997714199999999662e-01
1.044932079414838233e+00 9.997740999999999989e-01
1.044386422976501416e+00 9.997763600000000306e-01
1.043841336116910323e+00 9.997776200000000335e-01
1.043296817944705301e+00 9.997782100000000005e-01
1.042752867570385877e+00 9.997785099999999536e-01
1.042209484106305428e+00 9.997784499999999852e-01
1.041666666666666741e+00 9.997782100000000005e-01
1.041124414367516904e+00 9.997779100000000474e-01
1.040582726326743090e+00 9.997772600000000010e-01
1.040041601664066784e+00 9.997770200000000163e-01
1.039501039501039559e+00 9.997767800000000316e-01
1.038961038961039085e+00 9.997768400000000000e-01
1.038421599169262910e+00 9.997782100000000005e-01
1.037882719252724462e+00 9.997767800000000316e-01
1.037344398340249052e+00 9.997738000000000458e-01
1.036806635562467882e+00 9.997732000000000285e-01
1.036269430051813378e+00 9.997771399999999531e-01
1.035732780942516973e+00 9.997780899999999527e-01
1.035196687370600444e+00 9.997777899999999995e-01
1.034661148473874803e+00 9.997775599999999541e-01
1.034126163391933861e+00 9.997773800000000488e-01
1.033591731266149782e+00 9.997772600000000010e-01
1.033057851239669311e+00 9.997770799999999847e-01
1.032524522457408445e+00 9.997767199999999521e-01
1.031991744066047545e+00 9.997764199999999990e-01
1.031459515214028011e+00 9.997761200000000459e-01
1.030927835051546504e+00 9.997758300000000320e-01
1.030396702730551395e+00 9.997755900000000473e-01
1.029866117404737436e+00 9.997752300000000147e-01
1.029336078229542206e+00 9.997749299999999506e-01
1.028806584362140120e+00 9.997743999999999520e-01
1.028277634961439757e+00 9.997741599999999673e-01
1.027749229188078095e+00 9.997738600000000142e-01
1.027221366204417174e+00 9.997735599999999501e-01
1.026694045174538106e+00 9.997734400000000132e-01
1.026167265264238182e+00 9.997730299999999515e-01
1.025641025641025772e+00 9.997726099999999505e-01
1.025115325474115879e+00 9.997722500000000290e-01
1.024590163934426146e+00 9.997719499999999648e-01
1.024065540194572410e+00 9.997710600000000447e-01
1.023541453428864045e+00 9.997707599999999806e-01
1.023017902813299296e+00 9.997705199999999959e-01
1.022494887525562612e+00 9.997703399999999796e-01
1.021972406745017992e+00 9.997698099999999810e-01
1.021450459652706977e+00 9.997692700000000432e-01
1.020929045431342441e+00 9.997689100000000106e-01
1.020408163265306367e+00 9.997681400000000274e-01
1.019887812340642519e+00 9.997676599999999469e-01
1.019367991845056221e+00 9.997667099999999474e-01
1.018848700967906362e+00 9.997668899999999637e-01
1.018329938900203624e+00 9.997665900000000105e-01
1.017811704834605813e+00 9.997659300000000249e-01
1.017293997965412089e+00 9.997653399999999468e-01
1.016776817488561413e+00 9.997648000000000090e-01
1.016260162601626105e+00 9.997643200000000396e-01
1.015744032503809180e+00 9.997637299999999616e-01
1.015228426395939243e+00 9.997631900000000238e-01
1.014713343480466712e+00 9.997628899999999597e-01
1.014198782961460488e+00 9.997624800000000089e-01
1.013684744044602182e+00 9.997619399999999601e-01
1.013171225937183451e+00 9.997612200000000060e-01
1.012658227848101333e+00 9.997607499999999758e-01
1.012145748987854255e+00 9.997596100000000208e-01
1.011633788568538250e+00 9.997594400000000547e-01
1.011122345803842304e+00 9.997592600000000385e-01
1.010611419909045017e+00 9.997587799999999580e-01
1.010101010101010166e+00 9.997578299999999585e-01
1.009591115598182931e+00 9.997562800000000527e-01
1.009081735620585452e+00 9.997556800000000354e-01
1.008572869389813498e+00 9.997555599999999876e-01
1.008064516129032251e+00 9.997551999999999550e-01
1.007556675062972307e+00 9.997549700000000206e-01
1.007049345417925679e+00 9.997537699999999861e-01
1.006542526421741357e+00 9.997525800000000018e-01
1.006036217303823088e+00 9.997513900000000175e-01
1.005530417295123380e+00 9.997510299999999850e-01
1.005025125628140836e+00 9.997510299999999850e-01
1.004520341536916384e+00 9.997498400000000007e-01
1.004016064257028162e+00 9.997477500000000461e-01
1.003512293025589752e+00 9.997466200000000303e-01
1.003009027081243731e+00 9.997462000000000293e-01
1.002506265664160567e+00 9.997454900000000144e-01
1.002004008016031955e+00 9.997432800000000119e-01
1.001502253380070151e+00 9.997415499999999788e-01
1.001001001001001089e+00 9.997404199999999630e-01
1.000500250125062607e+00 9.997398299999999960e-01
1.000000000000000000e+00 9.997383399999999476e-01
