      23.3580      0.00000
      23.3509      0.00000
      23.3438      0.00000
      23.3368      0.00000
      23.3297      0.00000
      23.3227      0.00000
      23.3156      0.00000
      23.3085      0.00000
      23.3015      0.00000
      23.2944      0.00000
      23.2874      0.00000
      23.2803      0.00000
      23.2732      0.00000
      23.2662      0.00000
      23.2591      0.00000
      23.2521  1.76400e-06
      23.2450  1.61856e-05
      23.2380  3.22390e-05
      23.2309  4.97031e-05
      23.2238  6.83522e-05
      23.2168  8.79318e-05
      23.2097  0.000100235
      23.2027  0.000108031
      23.1956  0.000127018
      23.1885  0.000160340
      23.1815  0.000193468
      23.1744  0.000217209
      23.1674  0.000239727
      23.1603  0.000261597
      23.1532  0.000282798
      23.1462  0.000303209
      23.1391  0.000322841
      23.1321  0.000341879
      23.1250  0.000360565
      23.1180  0.000379070
      23.1109  0.000397635
      23.1038  0.000416450
      23.0968  0.000435730
      23.0897  0.000455696
      23.0827  0.000476546
      23.0756  0.000498535
      23.0685  0.000521893
      23.0615  0.000546947
      23.0544  0.000573832
      23.0474  0.000602907
      23.0403  0.000634412
      23.0332  0.000668258
      23.0262  0.000704280
      23.0191  0.000742329
      23.0121  0.000782060
      23.0050  0.000823023
      22.9979  0.000823165
      22.9909  0.000909883
      22.9838  0.000957226
      22.9768   0.00100687
      22.9697   0.00105624
      22.9627   0.00105624
      22.9556   0.00110700
      22.9485   0.00115908
      22.9415   0.00121232
      22.9344   0.00126699
      22.9274   0.00132277
      22.9203   0.00137953
      22.9132   0.00143425
      22.9062   0.00155756
      22.8991   0.00162647
      22.8921   0.00169403
      22.8850   0.00176345
      22.8779   0.00183499
      22.8709   0.00190950
      22.8638   0.00198664
      22.8568   0.00206710
      22.8497   0.00215102
      22.8426   0.00223883
      22.8356   0.00232790
      22.8285   0.00242769
      22.8215   0.00252673
      22.8144   0.00263683
      22.8074   0.00275225
      22.8003   0.00287376
      22.7932   0.00300365
      22.7862   0.00314244
      22.7791   0.00329102
      22.7721   0.00345056
      22.7650   0.00362210
      22.7579   0.00380644
      22.7509   0.00400570
      22.7438   0.00422102
      22.7368   0.00445394
      22.7297   0.00470609
      22.7226   0.00497908
      22.7156   0.00527489
      22.7085   0.00559538
      22.7015   0.00594280
      22.6944   0.00631975
      22.6874   0.00631975
      22.6803   0.00672842
      22.6732   0.00717194
      22.6662   0.00765230
      22.6591   0.00817118
      22.6521   0.00872244
      22.6450   0.00929130
      22.6379   0.00960650
      22.6309   0.00963632
      22.6238   0.00996666
      22.6168    0.0110541
      22.6097    0.0139365
      22.6026    0.0152689
      22.5956    0.0164384
      22.5885    0.0176095
      22.5815    0.0188038
      22.5744    0.0200602
      22.5673    0.0213560
      22.5603    0.0227020
      22.5532    0.0235133
      22.5462    0.0240922
      22.5391    0.0254999
      22.5321    0.0285206
      22.5250    0.0302965
      22.5179    0.0320216
      22.5109    0.0337990
      22.5038    0.0356252
      22.4968    0.0375151
      22.4897    0.0394614
      22.4826    0.0414720
      22.4756    0.0435495
      22.4685    0.0456956
      22.4615    0.0479146
      22.4544    0.0502108
      22.4473    0.0525888
      22.4403    0.0550498
      22.4332    0.0575917
      22.4262    0.0601915
      22.4191    0.0628356
      22.4120    0.0655101
      22.4050    0.0666634
      22.3979    0.0709528
      22.3909    0.0737601
      22.3838    0.0764932
      22.3768    0.0775957
      22.3697    0.0818180
      22.3626    0.0848110
      22.3556    0.0875558
      22.3485    0.0901967
      22.3415    0.0928748
      22.3344    0.0954498
      22.3273    0.0979756
      22.3203     0.100448
      22.3132     0.102875
      22.3062     0.105238
      22.2991     0.107550
      22.2920     0.109804
      22.2850     0.112001
      22.2779     0.114129
      22.2709     0.116185
      22.2638     0.118172
      22.2568     0.120078
      22.2497     0.121897
      22.2426     0.123625
      22.2356     0.125126
      22.2285     0.126886
      22.2215     0.128398
      22.2144     0.129841
      22.2073     0.131125
      22.2003     0.132480
      22.1932     0.133746
      22.1862     0.134902
      22.1791     0.135990
      22.1720     0.137010
      22.1650     0.137950
      22.1579     0.138819
      22.1509     0.139590
      22.1438     0.139744
      22.1367     0.140260
      22.1297     0.140260
      22.1226     0.141500
      22.1156     0.142030
      22.1085     0.142334
      22.1015     0.142480
      22.0944     0.142860
      22.0873     0.143150
      22.0803     0.143181
      22.0732     0.143260
      22.0662     0.143957
      22.0591     0.144074
      22.0520     0.144074
      22.0450     0.144074
      22.0379     0.144074
      22.0309     0.144074
      22.0238     0.144074
      22.0167     0.144074
      22.0097     0.144050
      22.0026     0.143960
      21.9956     0.143957
      21.9885     0.143880
      21.9814     0.143840
      21.9744     0.143840
      21.9673     0.143840
      21.9603     0.143790
      21.9532     0.143760
      21.9462     0.143750
      21.9391     0.143740
      21.9320     0.143730
      21.9250     0.143720
      21.9179     0.143630
      21.9109     0.143580
      21.9038     0.143571
      21.8967     0.143170
      21.8897     0.142950
      21.8826     0.142162
      21.8756     0.141974
      21.8685     0.141974
      21.8614     0.141974
      21.8544     0.141974
      21.8473     0.141974
      21.8403     0.141974
      21.8332     0.142950
      21.8262     0.143170
      21.8191     0.144805
      21.8120     0.145417
      21.8050     0.146474
      21.7979     0.146555
      21.7909     0.146914
      21.7838     0.147590
      21.7767     0.147883
      21.7697     0.148180
      21.7626     0.148460
      21.7556     0.148750
      21.7485     0.149040
      21.7414     0.149340
      21.7344     0.149660
      21.7273     0.149999
      21.7203     0.149999
      21.7132     0.150360
      21.7061     0.150764
      21.6991     0.151170
      21.6920     0.151660
      21.6850     0.152180
      21.6779     0.152720
      21.6709     0.153214
      21.6638     0.154530
      21.6567     0.155330
      21.6497     0.156067
      21.6426     0.156790
      21.6356     0.157510
      21.6285     0.158240
      21.6214     0.158967
      21.6144     0.159685
      21.6073     0.160403
      21.6003     0.161093
      21.5932     0.161770
      21.5861     0.162430
      21.5791     0.162467
      21.5720     0.162958
      21.5650     0.164326
      21.5579     0.164962
      21.5508     0.165570
      21.5438     0.166180
      21.5367     0.166780
      21.5297     0.167370
      21.5226     0.167960
      21.5156     0.168548
      21.5085     0.169122
      21.5014     0.169690
      21.4944     0.170250
      21.4873     0.170790
      21.4803     0.171325
      21.4732     0.171833
      21.4661     0.171913
      21.4591     0.172220
      21.4520     0.172700
      21.4450     0.173235
      21.4379     0.173647
      21.4308     0.174021
      21.4238     0.174330
      21.4167     0.174479
      21.4097     0.174819
      21.4026     0.174870
      21.3956     0.174912
      21.3885     0.175320
      21.3814     0.175320
      21.3744     0.175480
      21.3673     0.175570
      21.3603     0.175660
      21.3532     0.175900
      21.3461     0.176010
      21.3391     0.176050
      21.3320     0.176060
      21.3250     0.176158
      21.3179     0.176200
      21.3108     0.176220
      21.3038     0.176220
      21.2967     0.176330
      21.2897     0.176380
      21.2826     0.176440
      21.2755     0.176550
      21.2685     0.176610
      21.2614     0.176630
      21.2544     0.176650
      21.2473     0.176650
      21.2403     0.176650
      21.2332     0.176650
      21.2261     0.176650
      21.2191     0.176650
      21.2120     0.176650
      21.2050     0.176390
      21.1979     0.176390
      21.1908     0.175372
      21.1838     0.173300
      21.1767     0.173300
      21.1697     0.172940
      21.1626     0.171703
      21.1555     0.171703
      21.1485     0.171370
      21.1414     0.170830
      21.1344     0.170710
      21.1273     0.170710
      21.1203     0.170710
      21.1132     0.170710
      21.1061     0.170710
      21.0991     0.170710
      21.0920     0.170710
      21.0850     0.170010
      21.0779     0.169306
      21.0708     0.168596
      21.0638     0.167900
      21.0567     0.167200
      21.0497     0.166500
      21.0426     0.165830
      21.0355     0.165157
      21.0285     0.164490
      21.0214     0.163842
      21.0144     0.163212
      21.0073     0.162600
      21.0002     0.162000
      20.9932     0.161300
      20.9861     0.160760
      20.9791     0.160328
      20.9720     0.159810
      20.9650     0.159300
      20.9579     0.158810
      20.9508     0.158337
      20.9438     0.157866
      20.9367     0.157400
      20.9297     0.156941
      20.9226     0.156490
      20.9155     0.156040
      20.9085     0.155590
      20.9014     0.155140
      20.8944     0.154690
      20.8873     0.154240
      20.8802     0.153830
      20.8732     0.153420
      20.8661     0.153040
      20.8591     0.152680
      20.8520     0.152360
      20.8449     0.152070
      20.8379     0.151820
      20.8308     0.151680
      20.8238     0.151680
      20.8167     0.151680
      20.8097     0.151680
      20.8026     0.151680
      20.7955     0.151680
      20.7885     0.151680
      20.7814     0.151680
      20.7744     0.151930
      20.7673     0.152220
      20.7602     0.152566
      20.7532     0.152950
      20.7461     0.153320
      20.7391     0.153840
      20.7320     0.154331
      20.7249     0.154850
      20.7179     0.154850
      20.7108     0.154850
      20.7038     0.154947
      20.6967     0.155380
      20.6897     0.155930
      20.6826     0.156475
      20.6755     0.157000
      20.6685     0.157352
      20.6614     0.157460
      20.6544     0.157740
      20.6473     0.160078
      20.6402     0.161600
      20.6332     0.162532
      20.6261     0.163280
      20.6191     0.163950
      20.6120     0.164570
      20.6049     0.164983
      20.5979     0.165162
      20.5908     0.165730
      20.5838     0.166280
      20.5767     0.166699
      20.5696     0.167280
      20.5626     0.168290
      20.5555     0.168790
      20.5485     0.169250
      20.5414     0.169720
      20.5344     0.170180
      20.5273     0.170646
      20.5202     0.171117
      20.5132     0.171590
      20.5061     0.172080
      20.4991     0.172588
      20.4920     0.173110
      20.4849     0.173643
      20.4779     0.174210
      20.4708     0.174780
      20.4638     0.175350
      20.4567     0.175920
      20.4496     0.176480
      20.4426     0.177041
      20.4355     0.177590
      20.4285     0.178120
      20.4214     0.178622
      20.4144     0.179100
      20.4073     0.179550
      20.4002     0.179960
      20.3932     0.180348
      20.3861     0.180348
      20.3791     0.180680
      20.3720     0.180680
      20.3649     0.181000
      20.3579     0.181210
      20.3508     0.181227
      20.3438     0.181290
      20.3367     0.181550
      20.3296     0.181770
      20.3226     0.181950
      20.3155     0.181950
      20.3085     0.181990
      20.3014     0.181990
      20.2943     0.181990
      20.2873     0.181990
      20.2802     0.181990
      20.2732     0.181990
      20.2661     0.181990
      20.2591     0.181990
      20.2520     0.181800
      20.2449     0.181570
      20.2379     0.181050
      20.2308     0.180770
      20.2238     0.180616
      20.2167     0.180480
      20.2096     0.180190
      20.2026     0.179893
      20.1955     0.179605
      20.1885     0.179330
      20.1814     0.179060
      20.1743     0.178810
      20.1673     0.178580
      20.1602     0.178370
      20.1532     0.178180
      20.1461     0.178000
      20.1390     0.177830
      20.1320     0.177680
      20.1249     0.177530
      20.1179     0.177399
      20.1108     0.177270
      20.1038     0.177150
      20.0967     0.177040
      20.0896     0.176940
      20.0826     0.176940
      20.0755     0.176940
      20.0685     0.176940
      20.0614     0.176940
      20.0543     0.176940
      20.0473     0.176940
      20.0402     0.176940
      20.0332     0.176960
      20.0261     0.176989
      20.0190     0.177139
      20.0120     0.177360
      20.0049     0.177970
      19.9979     0.178340
      19.9908     0.178440
      19.9838     0.178740
      19.9767     0.179170
      19.9696     0.179570
      19.9626     0.179570
      19.9555     0.179570
      19.9485     0.180420
      19.9414     0.180790
      19.9343     0.180795
      19.9273     0.180919
      19.9202     0.180919
      19.9132     0.180919
      19.9061     0.180919
      19.8990     0.180919
      19.8920     0.180796
      19.8849     0.180795
      19.8779     0.180396
      19.8708     0.179870
      19.8637     0.179360
      19.8567     0.179360
      19.8496     0.179360
      19.8426     0.178690
      19.8355     0.177990
      19.8285     0.177018
      19.8214     0.176270
      19.8143     0.175342
      19.8073     0.174292
      19.8002     0.173190
      19.7932     0.172040
      19.7861     0.170862
      19.7790     0.169663
      19.7720     0.168499
      19.7649     0.167340
      19.7579     0.166190
      19.7508     0.165011
      19.7437     0.163650
      19.7367     0.161388
      19.7296     0.159450
      19.7226     0.159295
      19.7155     0.158990
      19.7085     0.158410
      19.7014     0.157760
      19.6943     0.157230
      19.6873     0.156632
      19.6802     0.156141
      19.6732     0.156141
      19.6661     0.156141
      19.6590     0.155650
      19.6520     0.155180
      19.6449     0.154760
      19.6379     0.154370
      19.6308     0.154010
      19.6237     0.153690
      19.6167     0.153400
      19.6096     0.153140
      19.6026     0.152900
      19.5955     0.152670
      19.5884     0.152267
      19.5814     0.152260
      19.5743     0.152240
      19.5673     0.152170
      19.5602     0.152150
      19.5532     0.152150
      19.5461     0.152150
      19.5390     0.152150
      19.5320     0.152150
      19.5249     0.152150
      19.5179     0.152150
      19.5108     0.152110
      19.5037     0.152110
      19.4967     0.152110
      19.4896     0.152110
      19.4826     0.152110
      19.4755     0.152110
      19.4684     0.152110
      19.4614     0.152097
      19.4543     0.152030
      19.4473     0.151920
      19.4402     0.151770
      19.4331     0.151590
      19.4261     0.151370
      19.4190     0.151120
      19.4120     0.150840
      19.4049     0.150532
      19.3979     0.150270
      19.3908     0.149968
      19.3837     0.149488
      19.3767     0.149360
      19.3696     0.149060
      19.3626     0.148660
      19.3555     0.148660
      19.3484     0.148660
      19.3414     0.148400
      19.3343     0.148400
      19.3273     0.148400
      19.3202     0.148400
      19.3131     0.148400
      19.3061     0.148400
      19.2990     0.148910
      19.2920     0.149760
      19.2849     0.150891
      19.2779     0.151462
      19.2708     0.151476
      19.2637     0.151627
      19.2567     0.152070
      19.2496     0.152650
      19.2426     0.153091
      19.2355     0.154568
      19.2284     0.154713
      19.2214     0.156220
      19.2143     0.156732
      19.2073     0.157170
      19.2002     0.157534
      19.1931     0.157860
      19.1861     0.158152
      19.1790     0.158380
      19.1720     0.158660
      19.1649     0.158895
      19.1578     0.159130
      19.1508     0.159370
      19.1437     0.159640
      19.1367     0.159930
      19.1296     0.160222
      19.1226     0.160590
      19.1155     0.161010
      19.1084     0.161431
      19.1014     0.161890
      19.0943     0.162370
      19.0873     0.162870
      19.0802     0.163340
      19.0731     0.163860
      19.0661     0.163860
      19.0590     0.163860
      19.0520     0.164460
      19.0449     0.165010
      19.0378     0.165510
      19.0308     0.166018
      19.0237     0.166470
      19.0167     0.166810
      19.0096     0.166830
      19.0026     0.168027
      18.9955     0.168973
      18.9884     0.169440
      18.9814     0.169792
      18.9743     0.170150
      18.9673     0.170410
      18.9602     0.170480
      18.9531     0.170820
      18.9461     0.170940
      18.9390     0.171100
      18.9320     0.171190
      18.9249     0.171220
      18.9178     0.171260
      18.9108     0.171310
      18.9037     0.171310
      18.8967     0.171330
      18.8896     0.171360
      18.8825     0.171360
      18.8755     0.171380
      18.8684     0.171380
      18.8614     0.171390
      18.8543     0.171390
      18.8473     0.171440
      18.8402     0.171500
      18.8331     0.171560
      18.8261     0.171630
      18.8190     0.171710
      18.8120     0.171747
      18.8049     0.171770
      18.7978     0.171870
      18.7908     0.172090
      18.7837     0.172200
      18.7767     0.172290
      18.7696     0.172450
      18.7625     0.172590
      18.7555     0.172753
      18.7484     0.172890
      18.7414     0.172890
      18.7343     0.173150
      18.7272     0.173448
      18.7202     0.173740
      18.7131     0.174080
      18.7061     0.174465
      18.6990     0.174465
      18.6920     0.174880
      18.6849     0.175310
      18.6778     0.176270
      18.6708     0.176780
      18.6637     0.177256
      18.6567     0.177720
      18.6496     0.177885
      18.6425     0.178343
      18.6355     0.179494
      18.6284     0.180150
      18.6214     0.180630
      18.6143     0.181060
      18.6072     0.181460
      18.6002     0.181840
      18.5931     0.182190
      18.5861     0.182240
      18.5790     0.182840
      18.5719     0.183150
      18.5649     0.183450
      18.5578     0.183720
      18.5508     0.183960
      18.5437     0.184170
      18.5367     0.184340
      18.5296     0.184340
      18.5225     0.184394
      18.5155     0.184500
      18.5084     0.184530
      18.5014     0.184600
      18.4943     0.184610
      18.4872     0.184610
      18.4802     0.184620
      18.4731     0.184640
      18.4661     0.184670
      18.4590     0.184670
      18.4519     0.184670
      18.4449     0.184670
      18.4378     0.184670
      18.4308     0.184740
      18.4237     0.184800
      18.4167     0.184800
      18.4096     0.184810
      18.4025     0.184930
      18.3955     0.184930
      18.3884     0.184930
      18.3814     0.185040
      18.3743     0.185160
      18.3672     0.185340
      18.3602     0.185479
      18.3531     0.185479
      18.3461     0.185510
      18.3390     0.185650
      18.3319     0.185661
      18.3249     0.185668
      18.3178     0.187615
      18.3108     0.188110
      18.3037     0.188110
      18.2966     0.188260
      18.2896     0.189362
      18.2825     0.190343
      18.2755     0.190961
      18.2684     0.191490
      18.2614     0.191941
      18.2543     0.192408
      18.2472     0.193160
      18.2402     0.193499
      18.2331     0.194121
      18.2261     0.194590
      18.2190     0.194745
      18.2119     0.194910
      18.2049     0.195163
      18.1978     0.195410
      18.1908     0.195459
      18.1837     0.195459
      18.1766     0.195570
      18.1696     0.195758
      18.1625     0.195758
      18.1555     0.195758
      18.1484     0.195758
      18.1413     0.195758
      18.1343     0.195758
      18.1272     0.195758
      18.1202     0.195598
      18.1131     0.195230
      18.1061     0.195010
      18.0990     0.194530
      18.0919     0.194370
      18.0849     0.194170
      18.0778     0.194170
      18.0708     0.193706
      18.0637     0.193481
      18.0566     0.193190
      18.0496     0.193190
      18.0425     0.193184
      18.0355     0.193184
      18.0284     0.193190
      18.0213     0.193184
      18.0143     0.193184
      18.0072     0.193184
      18.0002     0.193184
      17.9931     0.193190
      17.9861     0.193190
      17.9790     0.193210
      17.9719     0.193210
      17.9649     0.193234
      17.9578     0.193504
      17.9508     0.193613
      17.9437     0.193613
      17.9366     0.193700
      17.9296     0.193960
      17.9225     0.194067
      17.9155     0.194310
      17.9084     0.195139
      17.9013     0.195540
      17.8943     0.195800
      17.8872     0.196358
      17.8802     0.196438
      17.8731     0.196973
      17.8660     0.197026
      17.8590     0.197250
      17.8519     0.197580
      17.8449     0.197810
      17.8378     0.197810
      17.8308     0.197860
      17.8237     0.197963
      17.8166     0.198280
      17.8096     0.198300
      17.8025     0.198300
      17.7955     0.198300
      17.7884     0.198300
      17.7813     0.198300
      17.7743     0.198300
      17.7672     0.198150
      17.7602     0.198150
      17.7531     0.198150
      17.7460     0.198150
      17.7390     0.198133
      17.7319     0.198150
      17.7249     0.198133
      17.7178     0.198133
      17.7108     0.198133
      17.7037     0.198133
      17.6966     0.198150
      17.6896     0.198203
      17.6825     0.198203
      17.6755     0.198220
      17.6684     0.198280
      17.6613     0.198531
      17.6543     0.198946
      17.6472     0.199205
      17.6402     0.199475
      17.6331     0.200310
      17.6260     0.200380
      17.6190     0.201364
      17.6119     0.201574
      17.6049     0.201574
      17.5978     0.202142
      17.5907     0.202450
      17.5837     0.202615
      17.5766     0.203131
      17.5696     0.204150
      17.5625     0.204524
      17.5555     0.204524
      17.5484     0.204524
      17.5413     0.204524
      17.5343     0.203330
      17.5272     0.203330
      17.5202     0.202474
      17.5131     0.202474
      17.5060     0.202474
      17.4990     0.202474
      17.4919     0.201890
      17.4849     0.199613
      17.4778     0.199571
      17.4707     0.197437
      17.4637     0.193424
      17.4566     0.192395
      17.4496     0.192395
      17.4425     0.189424
      17.4354     0.184850
      17.4284     0.182322
      17.4213     0.182090
      17.4143     0.174880
      17.4072     0.172047
      17.4002     0.171720
      17.3931     0.167564
      17.3860     0.158418
      17.3790     0.158024
      17.3719     0.154925
      17.3649     0.143415
      17.3578     0.140872
      17.3507     0.130437
      17.3437     0.127734
      17.3366     0.122782
      17.3296     0.120249
      17.3225     0.120249
      17.3154     0.111840
      17.3084     0.110763
      17.3013     0.110763
      17.2943     0.107849
      17.2872     0.104173
      17.2802    0.0964783
      17.2731    0.0947919
      17.2660    0.0898310
      17.2590    0.0842557
      17.2519    0.0803227
      17.2449    0.0775333
      17.2378    0.0732530
      17.2307    0.0687823
      17.2237    0.0643033
      17.2166    0.0620301
      17.2096    0.0560499
      17.2025    0.0526142
      17.1954    0.0503589
      17.1884    0.0498595
      17.1813    0.0463270
      17.1743    0.0439244
      17.1672    0.0390516
      17.1601    0.0356068
      17.1531    0.0351644
      17.1460    0.0332212
      17.1390    0.0324460
      17.1319    0.0307139
      17.1249    0.0292603
      17.1178    0.0268158
      17.1107    0.0261533
      17.1037    0.0247917
      17.0966    0.0238757
      17.0896    0.0217651
      17.0825    0.0207060
      17.0754    0.0192148
      17.0684    0.0188011
      17.0613    0.0182793
      17.0543    0.0176601
      17.0472    0.0167720
      17.0401    0.0159883
      17.0331    0.0139763
      17.0260    0.0136985
      17.0190    0.0128029
      17.0119    0.0122185
      17.0049    0.0114947
      16.9978    0.0100127
      16.9907   0.00842173
      16.9837   0.00833120
      16.9766   0.00744251
      16.9696   0.00739973
      16.9625   0.00721074
      16.9554   0.00712053
      16.9484   0.00637260
      16.9413   0.00605823
      16.9343   0.00579825
      16.9272   0.00579825
      16.9201   0.00579825
      16.9131   0.00579825
      16.9060   0.00556410
      16.8990   0.00504064
      16.8919   0.00490809
      16.8848   0.00463030
      16.8778   0.00463030
      16.8707   0.00449839
      16.8637   0.00413952
      16.8566   0.00408900
      16.8496   0.00369536
      16.8425   0.00346980
      16.8354   0.00330147
      16.8284   0.00324257
      16.8213   0.00309696
      16.8143   0.00290314
      16.8072   0.00264451
      16.8001   0.00261084
      16.7931   0.00250328
      16.7860   0.00233009
      16.7790   0.00198499
      16.7719   0.00198142
      16.7648   0.00193090
      16.7578   0.00150565
      16.7507   0.00143074
      16.7437   0.00143074
      16.7366   0.00143074
      16.7295   0.00142759
      16.7225   0.00134078
      16.7154   0.00121910
      16.7084   0.00119099
      16.7013   0.00119099
      16.6943   0.00119099
      16.6872   0.00104405
      16.6801   0.00103025
      16.6731   0.00102653
      16.6660   0.00102912
      16.6590   0.00102912
      16.6519   0.00102912
      16.6448   0.00102912
      16.6378   0.00102912
      16.6307   0.00102653
      16.6237   0.00101579
      16.6166  0.000994417
      16.6095  0.000994417
      16.6025  0.000979044
      16.5954  0.000979044
      16.5884  0.000964730
      16.5813  0.000952222
      16.5743  0.000869960
      16.5672  0.000869960
      16.5601  0.000860420
      16.5531  0.000789417
      16.5460  0.000683846
      16.5390  0.000675920
      16.5319  0.000668753
      16.5248  0.000668753
      16.5178  0.000618359
      16.5107  0.000602237
      16.5037  0.000595882
      16.4966  0.000579976
      16.4895  0.000579976
      16.4825  0.000595882
      16.4754  0.000579976
      16.4684  0.000579976
      16.4613  0.000551114
      16.4542  0.000521557
      16.4472  0.000521557
      16.4401  0.000534240
      16.4331  0.000534240
      16.4260  0.000521557
      16.4190  0.000496502
      16.4119  0.000496502
      16.4048  0.000413604
      16.3978  0.000413604
      16.3907  0.000384284
      16.3837  0.000335548
      16.3766  0.000288312
      16.3695  0.000288312
      16.3625  0.000279526
      16.3554  0.000248959
      16.3484  0.000248959
      16.3413  0.000187305
      16.3342  0.000158976
      16.3272  5.44996e-05
      16.3201  7.20963e-05
      16.3131  2.86260e-05
      16.3060      0.00000
