      43.2119      0.00000
      43.1947  1.36600e-08
      43.1776  1.15656e-08
      43.1604  9.54260e-09
      43.1432  7.61809e-09
      43.1261  3.87349e-09
      43.1089  4.36553e-09
      43.0917  2.90579e-09
      43.0745  1.75828e-09
      43.0574  1.63938e-09
      43.0402  1.63938e-09
      43.0230  1.63938e-09
      43.0059  1.63938e-09
      42.9887  1.63938e-09
      42.9715  1.63938e-09
      42.9543  1.63938e-09
      42.9372  1.63938e-09
      42.9200  2.46976e-09
      42.9028  2.56594e-09
      42.8857  3.12759e-09
      42.8685  3.63297e-09
      42.8513  4.61884e-09
      42.8341  8.99044e-09
      42.8170  1.16143e-08
      42.7998  1.38706e-08
      42.7826  1.60738e-08
      42.7655  1.82540e-08
      42.7483  2.03773e-08
      42.7311  2.24308e-08
      42.7139  2.43254e-08
      42.6968  2.45118e-08
      42.6796  2.45118e-08
      42.6624  2.45118e-08
      42.6453  2.45118e-08
      42.6281  2.45118e-08
      42.6109  2.45118e-08
      42.5938  2.45118e-08
      42.5766  2.45118e-08
      42.5594  2.11578e-08
      42.5422  1.66671e-08
      42.5251  1.09132e-08
      42.5079  3.77860e-09
      42.4907      0.00000
      42.4736      0.00000
      42.4564      0.00000
      42.4392      0.00000
      42.4220      0.00000
      42.4049      0.00000
      42.3877      0.00000
      42.3705      0.00000
      42.3534      0.00000
      42.3362      0.00000
      42.3190      0.00000
      42.3018      0.00000
      42.2847      0.00000
      42.2675      0.00000
      42.2503      0.00000
      42.2332      0.00000
      42.2160      0.00000
      42.1988      0.00000
      42.1816      0.00000
      42.1645      0.00000
      42.1473      0.00000
      42.1301      0.00000
      42.1130      0.00000
      42.0958  3.45584e-08
      42.0786  9.17807e-08
      42.0614  1.58460e-07
      42.0443  2.34948e-07
      42.0271  3.20245e-07
      42.0099  4.13302e-07
      41.9928  5.13280e-07
      41.9756  6.19763e-07
      41.9584  7.33129e-07
      41.9412  8.53711e-07
      41.9241  9.81910e-07
      41.9069  1.11813e-06
      41.8897  1.26266e-06
      41.8726  1.41593e-06
      41.8554  1.57843e-06
      41.8382  1.75045e-06
      41.8211  1.93262e-06
      41.8039  2.12551e-06
      41.7867  2.32938e-06
      41.7695  2.54455e-06
      41.7524  2.77105e-06
      41.7352  3.00925e-06
      41.7180  3.25925e-06
      41.7009  3.52106e-06
      41.6837  3.79507e-06
      41.6665  4.08142e-06
      41.6493  4.38011e-06
      41.6322  4.69128e-06
      41.6150  5.01497e-06
      41.5978  5.35137e-06
      41.5807  5.70025e-06
      41.5635  6.06141e-06
      41.5463  6.43524e-06
      41.5291  6.82111e-06
      41.5120  7.21887e-06
      41.4948  7.62690e-06
      41.4776  8.04734e-06
      41.4605  8.47686e-06
      41.4433  8.91358e-06
      41.4261  9.36813e-06
      41.4089  9.83081e-06
      41.3918  1.03052e-05
      41.3746  1.07910e-05
      41.3574  1.12906e-05
      41.3403  1.18021e-05
      41.3231  1.23233e-05
      41.3059  1.26191e-05
      41.2887  1.34154e-05
      41.2716  1.39844e-05
      41.2544  1.45647e-05
      41.2372  1.51562e-05
      41.2201  1.57652e-05
      41.2029  1.63807e-05
      41.1857  1.69887e-05
      41.1686  1.72880e-05
      41.1514  1.79234e-05
      41.1342  1.89645e-05
      41.1170  1.97047e-05
      41.0999  2.04213e-05
      41.0827  2.04213e-05
      41.0655  2.04213e-05
      41.0484  2.11443e-05
      41.0312  2.13633e-05
      41.0140  2.13633e-05
      40.9968  2.18790e-05
      40.9797  2.26197e-05
      40.9625  2.33536e-05
      40.9453  2.39541e-05
      40.9282  2.39541e-05
      40.9110  2.39541e-05
      40.8938  2.39541e-05
      40.8766  2.26260e-05
      40.8595  2.13633e-05
      40.8423  1.92946e-05
      40.8251  1.08632e-05
      40.8080  1.08632e-05
      40.7908  9.57299e-06
      40.7736  9.57299e-06
      40.7564  1.08632e-05
      40.7393  1.08632e-05
      40.7221  1.08632e-05
      40.7049  1.08632e-05
      40.6878  1.08632e-05
      40.6706  1.08632e-05
      40.6534  3.22199e-05
      40.6363  4.85924e-05
      40.6191  5.87403e-05
      40.6019  6.60137e-05
      40.5847  7.17063e-05
      40.5676  7.29633e-05
      40.5504  8.04811e-05
      40.5332  8.04811e-05
      40.5161  8.04811e-05
      40.4989  8.04811e-05
      40.4817  8.04811e-05
      40.4645  8.04811e-05
      40.4474  8.04811e-05
      40.4302  8.04811e-05
      40.4130  6.75985e-05
      40.3959  6.43443e-05
      40.3787  6.43443e-05
      40.3615  6.43443e-05
      40.3443  6.43443e-05
      40.3272  6.43443e-05
      40.3100  4.49677e-05
      40.2928  4.49677e-05
      40.2757  4.49677e-05
      40.2585  6.43443e-05
      40.2413  0.000100566
      40.2241  0.000128456
      40.2070  0.000149601
      40.1898  0.000165713
      40.1726  0.000175930
      40.1555  0.000204601
      40.1383  0.000204601
      40.1211  0.000215644
      40.1040  0.000216254
      40.0868  0.000226216
      40.0696  0.000235024
      40.0524  0.000251765
      40.0353  0.000261338
      40.0181  0.000268268
      40.0009  0.000281696
      39.9838  0.000294605
      39.9666  0.000294605
      39.9494  0.000294605
      39.9322  0.000303335
      39.9151  0.000310988
      39.8979  0.000310988
      39.8807  0.000310988
      39.8636  0.000310988
      39.8464  0.000310988
      39.8292  0.000310988
      39.8120  0.000309013
      39.7949  0.000300335
      39.7777  0.000293059
      39.7605  0.000289823
      39.7434  0.000284404
      39.7262  0.000278071
      39.7090  0.000271515
      39.6918  0.000271515
      39.6747  0.000264754
      39.6575  0.000259468
      39.6403  0.000257347
      39.6232  0.000241518
      39.6060  0.000234383
      39.5888  0.000228996
      39.5716  0.000221031
      39.5545  0.000210756
      39.5373  0.000205868
      39.5201  0.000197627
      39.5030  0.000180156
      39.4858  0.000156091
      39.4686  0.000122444
      39.4515  7.69347e-05
      39.4343  7.69347e-05
      39.4171  7.69347e-05
      39.3999  7.69347e-05
      39.3828  7.69347e-05
      39.3656  7.69347e-05
      39.3484  7.69347e-05
      39.3313  7.69347e-05
      39.3141  8.05672e-05
      39.2969  0.000144492
      39.2797  0.000198764
      39.2626  0.000242688
      39.2454  0.000278611
      39.2282  0.000308812
      39.2111  0.000334934
      39.1939  0.000358156
      39.1767  0.000378307
      39.1595  0.000378307
      39.1424  0.000398734
      39.1252  0.000416894
      39.1080  0.000420364
      39.0909  0.000433845
      39.0737  0.000449376
      39.0565  0.000462701
      39.0393  0.000469571
      39.0222  0.000505380
      39.0050  0.000524134
      38.9878  0.000533823
      38.9707  0.000550877
      38.9535  0.000565037
      38.9363  0.000577451
      38.9191  0.000578808
      38.9020  0.000599295
      38.8848  0.000608599
      38.8676  0.000633236
      38.8505  0.000644853
      38.8333  0.000654983
      38.8161  0.000664338
      38.7990  0.000673093
      38.7818  0.000681217
      38.7646  0.000688717
      38.7474  0.000695502
      38.7303  0.000701525
      38.7131  0.000705264
      38.6959  0.000705264
      38.6788  0.000706641
      38.6616  0.000707268
      38.6444  0.000707268
      38.6272  0.000707268
      38.6101  0.000707268
      38.5929  0.000707268
      38.5757  0.000707268
      38.5586  0.000707268
      38.5414  0.000702197
      38.5242  0.000700403
      38.5070  0.000696112
      38.4899  0.000689060
      38.4727  0.000681065
      38.4555  0.000672073
      38.4384  0.000662113
      38.4212  0.000651139
      38.4040  0.000639168
      38.3868  0.000626364
      38.3697  0.000613095
      38.3525  0.000599716
      38.3353  0.000586478
      38.3182  0.000573902
      38.3010  0.000562097
      38.2838  0.000551351
      38.2666  0.000541942
      38.2495  0.000539940
      38.2323  0.000539940
      38.2151  0.000539940
      38.1980  0.000539940
      38.1808  0.000539940
      38.1636  0.000539940
      38.1465  0.000539940
      38.1293  0.000539940
      38.1121  0.000551134
      38.0949  0.000565213
      38.0778  0.000582126
      38.0606  0.000596327
      38.0434  0.000600675
      38.0263  0.000606482
      38.0091  0.000617914
      37.9919  0.000637959
      37.9747  0.000650536
      37.9576  0.000650536
      37.9404  0.000650536
      37.9232  0.000650536
      37.9061  0.000650536
      37.8889  0.000650536
      37.8717  0.000631039
      37.8545  0.000631039
      37.8374  0.000631039
      37.8202  0.000607443
      37.8030  0.000582307
      37.7859  0.000541933
      37.7687  0.000529404
      37.7515  0.000502533
      37.7343  0.000475122
      37.7172  0.000421524
      37.7000  0.000395614
      37.6828  0.000384019
      37.6657  0.000369110
      37.6485  0.000341516
      37.6313  0.000310665
      37.6142  0.000270257
      37.5970  0.000198264
      37.5798  0.000189371
      37.5626  0.000184170
      37.5455  0.000177132
      37.5283  0.000159439
      37.5111  0.000156872
      37.4940  0.000145300
      37.4768  0.000130697
      37.4596  0.000116172
      37.4424  0.000116172
      37.4253  0.000116172
      37.4081  0.000116172
      37.3909  0.000101891
      37.3738  7.54311e-05
      37.3566  7.43796e-05
      37.3394  6.34684e-05
      37.3222  5.25138e-05
      37.3051  4.25960e-05
      37.2879  3.37630e-05
      37.2707  2.60232e-05
      37.2536  1.93233e-05
      37.2364  1.35850e-05
      37.2192  8.75010e-06
      37.2020  4.76207e-06
      37.1849  1.56567e-06
      37.1677      0.00000
      37.1505      0.00000
      37.1334      0.00000
      37.1162      0.00000
      37.0990      0.00000
      37.0818      0.00000
      37.0647      0.00000
      37.0475      0.00000
      37.0303  1.07550e-06
      37.0132  3.60352e-06
      36.9960  6.77895e-06
      36.9788  1.07420e-05
      36.9617  1.56384e-05
      36.9445  2.16658e-05
      36.9273  2.89509e-05
      36.9101  3.76816e-05
      36.8930  4.80345e-05
      36.8758  6.02118e-05
      36.8586  7.44219e-05
      36.8415  9.08878e-05
      36.8243  0.000109825
      36.8071  0.000131315
      36.7899  0.000144620
      36.7728  0.000180794
      36.7556  0.000216275
      36.7384  0.000252074
      36.7213  0.000291145
      36.7041  0.000333680
      36.6869  0.000379779
      36.6697  0.000429342
      36.6526  0.000482506
      36.6354  0.000522775
      36.6182  0.000600042
      36.6011  0.000672079
      36.5839  0.000745639
      36.5667  0.000825379
      36.5495  0.000909507
      36.5324  0.000996625
      36.5152   0.00108545
      36.4980   0.00117565
      36.4809   0.00126642
      36.4637   0.00135737
      36.4465   0.00135737
      36.4293   0.00144784
      36.4122   0.00154167
      36.3950   0.00163372
      36.3778   0.00172522
      36.3607   0.00179032
      36.3435   0.00179032
      36.3263   0.00179032
      36.3092   0.00179032
      36.2920   0.00181553
      36.2748   0.00190247
      36.2576   0.00197310
      36.2405   0.00203078
      36.2233   0.00205179
      36.2061   0.00218029
      36.1890   0.00223397
      36.1718   0.00252823
      36.1546   0.00286861
      36.1374   0.00303305
      36.1203   0.00303305
      36.1031   0.00303305
      36.0859   0.00303305
      36.0688   0.00303305
      36.0516   0.00303305
      36.0344   0.00303305
      36.0172   0.00303305
      36.0001   0.00284856
      35.9829   0.00284856
      35.9657   0.00284856
      35.9486   0.00284856
      35.9314   0.00284856
      35.9142   0.00284856
      35.8970   0.00284856
      35.8799   0.00284856
      35.8627   0.00314177
      35.8455   0.00400694
      35.8284   0.00452978
      35.8112   0.00452978
      35.7940   0.00452978
      35.7768   0.00452978
      35.7597   0.00459505
      35.7425   0.00483197
      35.7253   0.00487591
      35.7082   0.00494418
      35.6910   0.00531929
      35.6738   0.00540365
      35.6567   0.00544858
      35.6395   0.00549680
      35.6223   0.00549680
      35.6051   0.00540365
      35.5880   0.00524563
      35.5708   0.00524563
      35.5536   0.00524563
      35.5365   0.00524563
      35.5193   0.00524563
      35.5021   0.00530828
      35.4849   0.00530828
      35.4678   0.00530828
      35.4506   0.00530828
      35.4334   0.00530828
      35.4163   0.00530828
      35.3991   0.00530828
      35.3819   0.00530828
      35.3647   0.00656410
      35.3476   0.00718364
      35.3304   0.00724045
      35.3132   0.00765356
      35.2961   0.00793025
      35.2789   0.00810949
      35.2617   0.00834570
      35.2445   0.00859780
      35.2274   0.00874142
      35.2102   0.00886788
      35.1930   0.00898517
      35.1759   0.00909535
      35.1587   0.00917436
      35.1415   0.00933471
      35.1244   0.00944812
      35.1072   0.00955882
      35.0900   0.00968553
      35.0728   0.00978387
      35.0557   0.00980325
      35.0385   0.00992026
      35.0213    0.0100356
      35.0042    0.0101140
      34.9870    0.0102410
      34.9698    0.0104222
      34.9526    0.0106244
      34.9355    0.0107572
      34.9183    0.0108830
      34.9011    0.0110052
      34.8840    0.0111170
      34.8668    0.0112358
      34.8496    0.0113490
      34.8324    0.0114840
      34.8153    0.0116178
      34.7981    0.0117517
      34.7809    0.0118768
      34.7638    0.0119990
      34.7466    0.0120087
      34.7294    0.0120087
      34.7122    0.0120087
      34.6951    0.0120087
      34.6779    0.0120087
      34.6607    0.0120087
      34.6436    0.0120087
      34.6264    0.0120087
      34.6092    0.0118080
      34.5920    0.0118080
      34.5749    0.0118080
      34.5577    0.0118080
      34.5405    0.0118080
      34.5234    0.0112387
      34.5062    0.0112387
      34.4890    0.0112387
      34.4719    0.0113698
      34.4547    0.0118080
      34.4375    0.0127787
      34.4203    0.0132851
      34.4032    0.0133415
      34.3860    0.0135151
      34.3688    0.0137771
      34.3517    0.0140889
      34.3345    0.0141390
      34.3173    0.0141390
      34.3001    0.0141390
      34.2830    0.0141390
      34.2658    0.0141390
      34.2486    0.0141419
      34.2315    0.0141580
      34.2143    0.0141740
      34.1971    0.0141740
      34.1799    0.0141740
      34.1628    0.0141740
      34.1456    0.0141740
      34.1284    0.0141740
      34.1113    0.0141740
      34.0941    0.0142181
      34.0769    0.0142755
      34.0597    0.0143440
      34.0426    0.0144236
      34.0254    0.0145130
      34.0082    0.0146114
      33.9911    0.0147185
      33.9739    0.0148327
      33.9567    0.0148327
      33.9395    0.0149542
      33.9224    0.0149694
      33.9052    0.0152165
      33.8880    0.0153554
      33.8709    0.0154960
      33.8537    0.0156317
      33.8365    0.0157201
      33.8194    0.0159509
      33.8022    0.0162273
      33.7850    0.0163970
      33.7678    0.0165494
      33.7507    0.0166937
      33.7335    0.0168202
      33.7163    0.0169589
      33.6992    0.0170767
      33.6820    0.0171830
      33.6648    0.0172758
      33.6476    0.0172758
      33.6305    0.0172758
      33.6133    0.0172758
      33.5961    0.0172758
      33.5790    0.0173500
      33.5618    0.0173835
      33.5446    0.0174106
      33.5274    0.0174550
      33.5103    0.0174550
      33.4931    0.0174800
      33.4759    0.0174850
      33.4588    0.0174970
      33.4416    0.0175423
      33.4244    0.0177174
      33.4072    0.0178010
      33.3901    0.0178480
      33.3729    0.0180070
      33.3557    0.0181778
      33.3386    0.0181920
      33.3214    0.0183350
      33.3042    0.0183394
      33.2870    0.0186410
      33.2699    0.0186410
      33.2527    0.0186410
      33.2355    0.0186410
      33.2184    0.0186410
      33.2012    0.0186410
      33.1840    0.0186410
      33.1669    0.0186410
      33.1497    0.0185783
      33.1325    0.0176957
      33.1153    0.0171879
      33.0982    0.0153014
      33.0810    0.0144645
      33.0638    0.0144645
      33.0467    0.0144645
      33.0295    0.0144645
      33.0123    0.0144645
      32.9951    0.0171879
      32.9780    0.0173079
      32.9608    0.0176957
      32.9436    0.0176957
      32.9265    0.0200699
      32.9093    0.0215188
      32.8921    0.0223817
      32.8749    0.0229527
      32.8578    0.0233603
      32.8406    0.0236489
      32.8234    0.0236638
      32.8063    0.0238796
      32.7891    0.0238796
      32.7719    0.0240886
      32.7547    0.0243746
      32.7376    0.0244779
      32.7204    0.0244781
      32.7032    0.0244910
      32.6861    0.0245144
      32.6689    0.0245410
      32.6517    0.0245520
      32.6346    0.0245529
      32.6174    0.0245620
      32.6002    0.0245910
      32.5830    0.0246556
      32.5659    0.0247557
      32.5487    0.0248859
      32.5315    0.0250423
      32.5144    0.0252240
      32.4972    0.0254247
      32.4800    0.0256415
      32.4628    0.0258670
      32.4457    0.0260884
      32.4285    0.0260884
      32.4113    0.0262879
      32.3942    0.0265914
      32.3770    0.0268246
      32.3598    0.0269268
      32.3426    0.0270574
      32.3255    0.0272522
      32.3083    0.0273830
      32.2911    0.0277703
      32.2740    0.0280996
      32.2568    0.0283089
      32.2396    0.0284520
      32.2224    0.0286122
      32.2053    0.0287541
      32.1881    0.0288982
      32.1709    0.0290330
      32.1538    0.0292119
      32.1366    0.0293915
      32.1194    0.0295897
      32.1022    0.0297408
      32.0851    0.0298034
      32.0679    0.0302877
      32.0507    0.0307111
      32.0336    0.0310886
      32.0164    0.0314865
      31.9992    0.0318849
      31.9821    0.0322815
      31.9649    0.0326676
      31.9477    0.0327339
      31.9305    0.0330430
      31.9134    0.0334048
      31.8962    0.0334048
      31.8790    0.0334048
      31.8619    0.0334048
      31.8447    0.0334048
      31.8275    0.0334756
      31.8103    0.0337560
      31.7932    0.0340419
      31.7760    0.0346738
      31.7588    0.0348214
      31.7417    0.0349143
      31.7245    0.0350070
      31.7073    0.0350330
      31.6901    0.0368243
      31.6730    0.0376035
      31.6558    0.0380680
      31.6386    0.0384003
      31.6215    0.0384003
      31.6043    0.0384003
      31.5871    0.0384003
      31.5699    0.0384003
      31.5528    0.0384003
      31.5356    0.0384003
      31.5184    0.0384003
      31.5013    0.0383306
      31.4841    0.0380057
      31.4669    0.0377213
      31.4497    0.0374676
      31.4326    0.0373218
      31.4154    0.0371980
      31.3982    0.0371130
      31.3811    0.0371130
      31.3639    0.0371130
      31.3467    0.0371130
      31.3296    0.0371130
      31.3124    0.0371130
      31.2952    0.0371130
      31.2780    0.0371130
      31.2609    0.0371858
      31.2437    0.0371858
      31.2265    0.0372766
      31.2094    0.0372860
      31.1922    0.0373900
      31.1750    0.0375117
      31.1578    0.0375301
      31.1407    0.0377476
      31.1235    0.0380624
      31.1063    0.0386920
      31.0892    0.0390246
      31.0720    0.0390246
      31.0548    0.0390246
      31.0376    0.0390246
      31.0205    0.0390246
      31.0033    0.0390246
      30.9861    0.0390246
      30.9690    0.0390246
      30.9518    0.0391715
      30.9346    0.0391715
      30.9174    0.0391715
      30.9003    0.0395093
      30.8831    0.0395093
      30.8659    0.0395093
      30.8488    0.0395093
      30.8316    0.0398806
      30.8144    0.0427710
      30.7973    0.0442090
      30.7801    0.0450235
      30.7629    0.0456525
      30.7457    0.0459714
      30.7286    0.0461167
      30.7114    0.0461167
      30.6942    0.0461167
      30.6771    0.0461167
      30.6599    0.0461167
      30.6427    0.0461167
      30.6255    0.0461167
      30.6084    0.0461167
      30.5912    0.0457961
      30.5740    0.0441420
      30.5569    0.0441420
      30.5397    0.0441420
      30.5225    0.0441420
      30.5053    0.0441420
      30.4882    0.0441420
      30.4710    0.0441420
      30.4538    0.0441420
      30.4367    0.0457795
      30.4195    0.0465000
      30.4023    0.0465160
      30.3851    0.0465584
      30.3680    0.0465584
      30.3508    0.0465584
      30.3336    0.0465584
      30.3165    0.0465584
      30.2993    0.0465584
      30.2821    0.0465584
      30.2649    0.0465127
      30.2478    0.0465000
      30.2306    0.0463890
      30.2134    0.0463830
      30.1963    0.0463672
      30.1791    0.0463307
      30.1619    0.0463160
      30.1448    0.0462670
      30.1276    0.0462559
      30.1104    0.0462480
      30.0932    0.0462370
      30.0761    0.0462060
      30.0589    0.0461780
      30.0417    0.0461279
      30.0246    0.0460539
      30.0074    0.0459424
      29.9902    0.0457782
      29.9730    0.0455746
      29.9559    0.0452566
      29.9387    0.0447713
      29.9215    0.0438368
      29.9044    0.0414369
      29.8872    0.0414369
      29.8700    0.0414369
      29.8528    0.0414369
      29.8357    0.0414369
      29.8185    0.0414369
      29.8013    0.0414369
      29.7842    0.0414369
      29.7670    0.0420315
      29.7498    0.0422322
      29.7326    0.0423460
      29.7155    0.0423460
      29.6983    0.0423460
      29.6811    0.0423460
      29.6640    0.0423460
      29.6468    0.0423460
      29.6296    0.0423460
      29.6124    0.0422407
      29.5953    0.0422322
      29.5781    0.0420821
      29.5609    0.0419565
      29.5438    0.0419370
      29.5266    0.0419166
      29.5094    0.0418330
      29.4923    0.0417429
      29.4751    0.0416410
      29.4579    0.0415224
      29.4407    0.0413740
      29.4236    0.0411576
      29.4064    0.0406835
      29.3892    0.0400800
      29.3721    0.0399988
      29.3549    0.0399484
      29.3377    0.0397136
      29.3205    0.0394296
      29.3034    0.0391907
      29.2862    0.0391116
      29.2690    0.0389320
      29.2519    0.0387595
      29.2347    0.0387595
      29.2175    0.0387595
      29.2003    0.0383480
      29.1832    0.0377458
      29.1660    0.0377458
      29.1488    0.0366300
      29.1317    0.0364827
      29.1145    0.0364162
      29.0973    0.0361286
      29.0801    0.0358126
      29.0630    0.0354725
      29.0458    0.0352691
      29.0286    0.0351170
      29.0115    0.0347369
      28.9943    0.0347369
      28.9771    0.0343270
      28.9599    0.0338802
      28.9428    0.0333443
      28.9256    0.0321409
      28.9084    0.0318114
      28.8913    0.0314401
      28.8741    0.0309330
      28.8569    0.0304166
      28.8398    0.0299080
      28.8226    0.0293623
      28.8054    0.0291022
      28.7882    0.0288086
      28.7711    0.0282229
      28.7539    0.0276330
      28.7367    0.0270023
      28.7196    0.0259694
      28.7024    0.0254897
      28.6852    0.0247971
      28.6680    0.0239356
      28.6509    0.0229307
      28.6337    0.0216795
      28.6165    0.0196316
      28.5994    0.0164891
      28.5822    0.0163539
      28.5650    0.0156353
      28.5478    0.0146819
      28.5307    0.0136824
      28.5135    0.0127111
      28.4963    0.0116334
      28.4792    0.0103946
      28.4620    0.0103946
      28.4448   0.00978250
      28.4276   0.00839737
      28.4105   0.00833252
      28.3933   0.00780031
      28.3761   0.00734857
      28.3590   0.00683291
      28.3418   0.00631950
      28.3246   0.00567946
      28.3075   0.00528023
      28.2903   0.00528023
      28.2731   0.00528023
      28.2559   0.00447920
      28.2388   0.00358640
      28.2216   0.00331268
      28.2044   0.00323170
      28.1873   0.00315512
      28.1701   0.00298944
      28.1529   0.00283706
      28.1357   0.00269862
      28.1186   0.00256993
      28.1014   0.00256993
      28.0842   0.00244238
      28.0671   0.00244238
      28.0499   0.00231754
      28.0327   0.00216519
      28.0155   0.00191196
      27.9984   0.00159518
      27.9812   0.00158516
      27.9640   0.00149888
      27.9469   0.00138466
      27.9297   0.00121477
      27.9125   0.00116554
      27.8953   0.00111093
      27.8782   0.00106315
      27.8610   0.00106315
      27.8438   0.00106315
      27.8267   0.00102141
      27.8095  0.000984059
      27.7923  0.000948935
      27.7752  0.000913917
      27.7580  0.000913917
      27.7408  0.000876815
      27.7236  0.000835518
      27.7065  0.000789370
      27.6893  0.000740021
      27.6721  0.000687350
      27.6550  0.000638227
      27.6378  0.000589880
      27.6206  0.000544583
      27.6034  0.000504256
      27.5863  0.000470220
      27.5691  0.000426198
      27.5519  0.000418411
      27.5348  0.000413781
      27.5176  0.000404923
      27.5004  0.000398107
      27.4832  0.000391745
      27.4661  0.000384181
      27.4489  0.000373801
      27.4317  0.000358927
      27.4146  0.000338967
      27.3974  0.000315260
      27.3802  0.000289334
      27.3630  0.000262689
      27.3459  0.000236759
      27.3287  0.000212999
      27.3115  0.000192820
      27.2944  0.000177638
      27.2772  0.000173520
      27.2600  0.000172804
      27.2428  0.000171397
      27.2257  0.000170144
      27.2085  0.000168535
      27.1913  0.000166957
      27.1742  0.000164685
      27.1570  0.000164670
      27.1398  0.000164591
      27.1227  0.000153492
      27.1055  0.000139433
      27.0883  0.000124115
      27.0711  0.000107400
      27.0540  0.000107400
      27.0368  0.000107400
      27.0196  0.000107400
      27.0025  0.000107400
      26.9853  0.000107400
      26.9681  0.000107400
      26.9509  0.000107400
      26.9338  0.000118391
      26.9166  0.000119936
      26.8994  0.000119936
      26.8823  0.000119936
      26.8651  0.000119936
      26.8479  0.000119936
      26.8307  0.000119936
      26.8136  0.000119936
      26.7964  0.000119936
      26.7792  0.000107196
      26.7621  9.47129e-05
      26.7449  8.26772e-05
      26.7277  7.22190e-05
      26.7105  6.37370e-05
      26.6934  6.28303e-05
      26.6762  6.26890e-05
      26.6590  6.19584e-05
      26.6419  6.11502e-05
      26.6247  6.10966e-05
      26.6075  6.04991e-05
      26.5903  5.93317e-05
      26.5732  5.93317e-05
      26.5560  5.93317e-05
      26.5388  5.88212e-05
      26.5217  5.70872e-05
      26.5045  5.70872e-05
      26.4873  5.54039e-05
      26.4702  5.38555e-05
      26.4530  5.37119e-05
      26.4358  5.24571e-05
      26.4186  5.01707e-05
      26.4015  4.92607e-05
      26.3843  4.83441e-05
      26.3671  4.74471e-05
      26.3500  4.65378e-05
      26.3328  4.59334e-05
      26.3156  4.55910e-05
      26.2984  4.45913e-05
      26.2813  4.35556e-05
      26.2641  4.22776e-05
      26.2469  4.12949e-05
      26.2298  4.04603e-05
      26.2126  3.94713e-05
      26.1954  3.84931e-05
      26.1782  3.76174e-05
      26.1611  3.67670e-05
      26.1439  3.59415e-05
      26.1267  3.51229e-05
      26.1096  3.43021e-05
      26.0924  3.34485e-05
      26.0752  3.13817e-05
      26.0580      0.00000
