      41.1545      0.00000
      41.1393   0.00304728
      41.1242   0.00313288
      41.1091   0.00319943
      41.0940   0.00326515
      41.0789   0.00333062
      41.0638   0.00339552
      41.0487   0.00333062
      41.0336   0.00339552
      41.0184   0.00339552
      41.0033   0.00339552
      40.9882   0.00344927
      40.9731   0.00345926
      40.9580   0.00348136
      40.9429   0.00352003
      40.9278   0.00352003
      40.9127   0.00348136
      40.8976   0.00344927
      40.8824   0.00331400
      40.8673   0.00328521
      40.8522   0.00261818
      40.8371   0.00261818
      40.8220   0.00261818
      40.8069   0.00248575
      40.7918   0.00134964
      40.7767  0.000792690
      40.7615  0.000792690
      40.7464  0.000792690
      40.7313  0.000792690
      40.7162  0.000792690
      40.7011  0.000792690
      40.6860  0.000792690
      40.6709  0.000792690
      40.6558   0.00255451
      40.6407   0.00384304
      40.6255   0.00457626
      40.6104   0.00503509
      40.5953   0.00504230
      40.5802   0.00534616
      40.5651   0.00555617
      40.5500   0.00555617
      40.5349   0.00555617
      40.5198   0.00555617
      40.5046   0.00555617
      40.4895   0.00555617
      40.4744   0.00555617
      40.4593   0.00542230
      40.4442   0.00542230
      40.4291   0.00490719
      40.4140   0.00410675
      40.3989   0.00292117
      40.3838   0.00292117
      40.3686   0.00292117
      40.3535   0.00292117
      40.3384   0.00292117
      40.3233   0.00292117
      40.3082   0.00292117
      40.2931   0.00185634
      40.2780   0.00185634
      40.2629   0.00304561
      40.2477   0.00470222
      40.2326   0.00597941
      40.2175   0.00694435
      40.2024   0.00758978
      40.1873   0.00814818
      40.1722   0.00843266
      40.1571   0.00851383
      40.1420   0.00952930
      40.1268   0.00993443
      40.1117    0.0102615
      40.0966    0.0105450
      40.0815    0.0107268
      40.0664    0.0107490
      40.0513    0.0113019
      40.0362    0.0115688
      40.0211    0.0117530
      40.0060    0.0118845
      39.9908    0.0124595
      39.9757    0.0127620
      39.9606    0.0129948
      39.9455    0.0129948
      39.9304    0.0129948
      39.9153    0.0130093
      39.9002    0.0130093
      39.8851    0.0130093
      39.8699    0.0130093
      39.8548    0.0130093
      39.8397    0.0130093
      39.8246    0.0129569
      39.8095    0.0127863
      39.7944    0.0125259
      39.7793    0.0121263
      39.7642    0.0120376
      39.7491    0.0119541
      39.7339    0.0117617
      39.7188    0.0117617
      39.7037    0.0115551
      39.6886    0.0113434
      39.6735    0.0111265
      39.6584    0.0108914
      39.6433    0.0104337
      39.6282    0.0104337
      39.6130    0.0101834
      39.5979   0.00974672
      39.5828   0.00968737
      39.5677   0.00937718
      39.5526   0.00907486
      39.5375   0.00899123
      39.5224   0.00850991
      39.5073   0.00789253
      39.4921   0.00707816
      39.4770   0.00598539
      39.4619   0.00452519
      39.4468   0.00268431
      39.4317   0.00159552
      39.4166   0.00159552
      39.4015   0.00159552
      39.3864   0.00159552
      39.3713   0.00159552
      39.3561   0.00159552
      39.3410   0.00159552
      39.3259   0.00159552
      39.3108   0.00394213
      39.2957   0.00630526
      39.2806   0.00831674
      39.2655   0.00998188
      39.2504    0.0113676
      39.2352    0.0125441
      39.2201    0.0135634
      39.2050    0.0144655
      39.1899    0.0152795
      39.1748    0.0159977
      39.1597    0.0159977
      39.1446    0.0159977
      39.1295    0.0167155
      39.1143    0.0173590
      39.0992    0.0179611
      39.0841    0.0185197
      39.0690    0.0189330
      39.0539    0.0194247
      39.0388    0.0194544
      39.0237    0.0207306
      39.0086    0.0218922
      38.9935    0.0225591
      38.9783    0.0231104
      38.9632    0.0236132
      38.9481    0.0240466
      38.9330    0.0242242
      38.9179    0.0243736
      38.9028    0.0247600
      38.8877    0.0249394
      38.8726    0.0263599
      38.8574    0.0269208
      38.8423    0.0274119
      38.8272    0.0278824
      38.8121    0.0283444
      38.7970    0.0287998
      38.7819    0.0292495
      38.7668    0.0296925
      38.7517    0.0301305
      38.7365    0.0305597
      38.7214    0.0309793
      38.7063    0.0313821
      38.6912    0.0317035
      38.6761    0.0321829
      38.6610    0.0325628
      38.6459    0.0329186
      38.6308    0.0332279
      38.6157    0.0334807
      38.6005    0.0339172
      38.5854    0.0342045
      38.5703    0.0342505
      38.5552    0.0347664
      38.5401    0.0350093
      38.5250    0.0352192
      38.5099    0.0353984
      38.4948    0.0355068
      38.4796    0.0355068
      38.4645    0.0355068
      38.4494    0.0355068
      38.4343    0.0355068
      38.4192    0.0355068
      38.4041    0.0355068
      38.3890    0.0355068
      38.3739    0.0353421
      38.3588    0.0351622
      38.3436    0.0349763
      38.3285    0.0349763
      38.3134    0.0349763
      38.2983    0.0349763
      38.2832    0.0349763
      38.2681    0.0349763
      38.2530    0.0349763
      38.2379    0.0349763
      38.2227    0.0350309
      38.2076    0.0354415
      38.1925    0.0359939
      38.1774    0.0367042
      38.1623    0.0375894
      38.1472    0.0386686
      38.1321    0.0399580
      38.1170    0.0414795
      38.1019    0.0432508
      38.0867    0.0432508
      38.0716    0.0452928
      38.0565    0.0475951
      38.0414    0.0500641
      38.0263    0.0523751
      38.0112    0.0554290
      37.9961    0.0579118
      37.9810    0.0580767
      37.9658    0.0651687
      37.9507    0.0689873
      37.9356    0.0716110
      37.9205    0.0737845
      37.9054    0.0755748
      37.8903    0.0765209
      37.8752    0.0769751
      37.8601    0.0775712
      37.8449    0.0775712
      37.8298    0.0775712
      37.8147    0.0775712
      37.7996    0.0775712
      37.7845    0.0775712
      37.7694    0.0775712
      37.7543    0.0768160
      37.7392    0.0765209
      37.7241    0.0756114
      37.7089    0.0745582
      37.6938    0.0741495
      37.6787    0.0731137
      37.6636    0.0718668
      37.6485    0.0702690
      37.6334    0.0679270
      37.6183    0.0654050
      37.6032    0.0654050
      37.5880    0.0654050
      37.5729    0.0654050
      37.5578    0.0654050
      37.5427    0.0654050
      37.5276    0.0654050
      37.5125    0.0654050
      37.4974    0.0690654
      37.4823    0.0690654
      37.4672    0.0705803
      37.4520    0.0705803
      37.4369    0.0717304
      37.4218    0.0725442
      37.4067    0.0726682
      37.3916    0.0726682
      37.3765    0.0726682
      37.3614    0.0726682
      37.3463    0.0726682
      37.3311    0.0725442
      37.3160    0.0723967
      37.3009    0.0720893
      37.2858    0.0717818
      37.2707    0.0714464
      37.2556    0.0714464
      37.2405    0.0710927
      37.2254    0.0710927
      37.2102    0.0707227
      37.1951    0.0703383
      37.1800    0.0699359
      37.1649    0.0695181
      37.1498    0.0690820
      37.1347    0.0686235
      37.1196    0.0676734
      37.1045    0.0675727
      37.0894    0.0671787
      37.0742    0.0666608
      37.0591    0.0661201
      37.0440    0.0655589
      37.0289    0.0649898
      37.0138    0.0643975
      36.9987    0.0637965
      36.9836    0.0631692
      36.9685    0.0625478
      36.9533    0.0617218
      36.9382    0.0612653
      36.9231    0.0606702
      36.9080    0.0600415
      36.8929    0.0594111
      36.8778    0.0587788
      36.8627    0.0581514
      36.8476    0.0575268
      36.8325    0.0569002
      36.8173    0.0562580
      36.8022    0.0554639
      36.7871    0.0539369
      36.7720    0.0535245
      36.7569    0.0530830
      36.7418    0.0529748
      36.7267    0.0526735
      36.7116    0.0523129
      36.6964    0.0520010
      36.6813    0.0518090
      36.6662    0.0520010
      36.6511    0.0520010
      36.6360    0.0520010
      36.6209    0.0520010
      36.6058    0.0520010
      36.5907    0.0520010
      36.5755    0.0520010
      36.5604    0.0524093
      36.5453    0.0524473
      36.5302    0.0524473
      36.5151    0.0524473
      36.5000    0.0524473
      36.4849    0.0524473
      36.4698    0.0524473
      36.4547    0.0524473
      36.4395    0.0524473
      36.4244    0.0522635
      36.4093    0.0518974
      36.3942    0.0514694
      36.3791    0.0509742
      36.3640    0.0503846
      36.3489    0.0495728
      36.3338    0.0465499
      36.3186    0.0465248
      36.3035    0.0442130
      36.2884    0.0434963
      36.2733    0.0411988
      36.2582    0.0396650
      36.2431    0.0396650
      36.2280    0.0396650
      36.2129    0.0377334
      36.1978    0.0364213
      36.1826    0.0364213
      36.1675    0.0364213
      36.1524    0.0363006
      36.1373    0.0358772
      36.1222    0.0358772
      36.1071    0.0358772
      36.0920    0.0358772
      36.0769    0.0358772
      36.0617    0.0358772
      36.0466    0.0324681
      36.0315    0.0301331
      36.0164    0.0258900
      36.0013    0.0191849
      35.9862    0.0115627
      35.9711    0.0115627
      35.9560    0.0115627
      35.9408    0.0115627
      35.9257    0.0185370
      35.9106    0.0185370
      35.8955    0.0185370
      35.8804    0.0185370
      35.8653    0.0185370
      35.8502    0.0230144
      35.8351    0.0251138
      35.8200    0.0251138
      35.8048    0.0251138
      35.7897    0.0251138
      35.7746    0.0251138
      35.7595    0.0251138
      35.7444    0.0251138
      35.7293    0.0251138
      35.7142    0.0232836
      35.6991    0.0232836
      35.6839    0.0232197
      35.6688    0.0232134
      35.6537    0.0225608
      35.6386    0.0220925
      35.6235    0.0217242
      35.6084    0.0209378
      35.5933    0.0201304
      35.5782    0.0201304
      35.5630    0.0201304
      35.5479    0.0201304
      35.5328    0.0201304
      35.5177    0.0201304
      35.5026    0.0169725
      35.4875    0.0141529
      35.4724    0.0141529
      35.4573    0.0141529
      35.4422    0.0141529
      35.4270    0.0141529
      35.4119    0.0141529
      35.3968    0.0141529
      35.3817   0.00930893
      35.3666    0.0141529
      35.3515    0.0167676
      35.3364    0.0180292
      35.3213    0.0184248
      35.3061    0.0184248
      35.2910    0.0184248
      35.2759    0.0184248
      35.2608    0.0184248
      35.2457    0.0184248
      35.2306    0.0184248
      35.2155    0.0182947
      35.2004    0.0181605
      35.1853    0.0179554
      35.1701    0.0178780
      35.1550    0.0178780
      35.1399    0.0177841
      35.1248    0.0176614
      35.1097    0.0175068
      35.0946    0.0174397
      35.0795    0.0173327
      35.0644    0.0172246
      35.0492    0.0171164
      35.0341    0.0170040
      35.0190    0.0168501
      35.0039    0.0167510
      34.9888    0.0164690
      34.9737    0.0163936
      34.9586    0.0162975
      34.9435    0.0162930
      34.9283    0.0161943
      34.9132    0.0161571
      34.8981    0.0160859
      34.8830    0.0159545
      34.8679    0.0158350
      34.8528    0.0157050
      34.8377    0.0155890
      34.8226    0.0153874
      34.8075    0.0153198
      34.7923    0.0152660
      34.7772    0.0151380
      34.7621    0.0150037
      34.7470    0.0148513
      34.7319    0.0147040
      34.7168    0.0145568
      34.7017    0.0143810
      34.6866    0.0141771
      34.6714    0.0138960
      34.6563    0.0136244
      34.6412    0.0132251
      34.6261    0.0126376
      34.6110    0.0117184
      34.5959    0.0101934
      34.5808    0.0101934
      34.5657    0.0101934
      34.5506    0.0101934
      34.5354    0.0101934
      34.5203    0.0101010
      34.5052   0.00977737
      34.4901   0.00896188
      34.4750   0.00896188
      34.4599    0.0100456
      34.4448    0.0100456
      34.4297    0.0100456
      34.4145    0.0100456
      34.3994    0.0100456
      34.3843    0.0100456
      34.3692   0.00992607
      34.3541   0.00976005
      34.3390   0.00957188
      34.3239   0.00940471
      34.3088   0.00922792
      34.2936   0.00905423
      34.2785   0.00905423
      34.2634   0.00905423
      34.2483   0.00888666
      34.2332   0.00872385
      34.2181   0.00856682
      34.2030   0.00841554
      34.1879   0.00826992
      34.1728   0.00813035
      34.1576   0.00799664
      34.1425   0.00786879
      34.1274   0.00774671
      34.1123   0.00763036
      34.0972   0.00751955
      34.0821   0.00741332
      34.0670   0.00731177
      34.0519   0.00721399
      34.0367   0.00711987
      34.0216   0.00702938
      34.0065   0.00694197
      33.9914   0.00685771
      33.9763   0.00677542
      33.9612   0.00669753
      33.9461   0.00661907
      33.9310   0.00654596
      33.9159   0.00647873
      33.9007   0.00641108
      33.8856   0.00634515
      33.8705   0.00627915
      33.8554   0.00619587
      33.8403   0.00603747
      33.8252   0.00599591
      33.8101   0.00594606
      33.7950   0.00594386
      33.7798   0.00592870
      33.7647   0.00588939
      33.7496   0.00583243
      33.7345   0.00576720
      33.7194   0.00571250
      33.7043   0.00564870
      33.6892   0.00558183
      33.6741   0.00551143
      33.6590   0.00543728
      33.6438   0.00535756
      33.6287   0.00527686
      33.6136   0.00519195
      33.5985   0.00510433
      33.5834   0.00501405
      33.5683   0.00491992
      33.5532   0.00481678
      33.5381   0.00468180
      33.5229   0.00436063
      33.5078   0.00430806
      33.4927   0.00429194
      33.4776   0.00428910
      33.4625   0.00427666
      33.4474   0.00423317
      33.4323   0.00417422
      33.4172   0.00410178
      33.4020   0.00400823
      33.3869   0.00400823
      33.3718   0.00397629
      33.3567   0.00393684
      33.3416   0.00387993
      33.3265   0.00382386
      33.3114   0.00380103
      33.2963   0.00377637
      33.2812   0.00374885
      33.2660   0.00374885
      33.2509   0.00371971
      33.2358   0.00367449
      33.2207   0.00358131
      33.2056   0.00352609
      33.1905   0.00346387
      33.1754   0.00329961
      33.1603   0.00306260
      33.1451   0.00301978
      33.1300   0.00291375
      33.1149   0.00279128
      33.0998   0.00256709
      33.0847   0.00223984
      33.0696   0.00183167
      33.0545   0.00183167
      33.0394   0.00183167
      33.0243   0.00183167
      33.0091   0.00215655
      32.9940   0.00251441
      32.9789   0.00251441
      32.9638   0.00251441
      32.9487   0.00251441
      32.9336   0.00251441
      32.9185   0.00254489
      32.9034   0.00254489
      32.8882   0.00254489
      32.8731   0.00254489
      32.8580   0.00254489
      32.8429   0.00254489
      32.8278   0.00254489
      32.8127   0.00254489
      32.7976   0.00244706
      32.7825   0.00240000
      32.7673   0.00234638
      32.7522   0.00229072
      32.7371   0.00223392
      32.7220   0.00217647
      32.7069   0.00217506
      32.6918   0.00211835
      32.6767   0.00203043
      32.6616   0.00198732
      32.6465   0.00195788
      32.6313   0.00190965
      32.6162   0.00186233
      32.6011   0.00181805
      32.5860   0.00177605
      32.5709   0.00173702
      32.5558   0.00170076
      32.5407   0.00166688
      32.5256   0.00163400
      32.5104   0.00160514
      32.4953   0.00157676
      32.4802   0.00154977
      32.4651   0.00152384
      32.4500   0.00149869
      32.4349   0.00146313
      32.4198   0.00145080
      32.4047   0.00142798
      32.3895   0.00140525
      32.3744   0.00138240
      32.3593   0.00135875
      32.3442   0.00133305
      32.3291   0.00129374
      32.3140   0.00124237
      32.2989   0.00122099
      32.2838   0.00121540
      32.2687   0.00119953
      32.2535   0.00117731
      32.2384   0.00115497
      32.2233   0.00113272
      32.2082   0.00111059
      32.1931   0.00111059
      32.1780   0.00108863
      32.1629   0.00106707
      32.1478   0.00104582
      32.1326   0.00102496
      32.1175   0.00100444
      32.1024  0.000983944
      32.0873  0.000959132
      32.0722  0.000937808
      32.0571  0.000926414
      32.0420  0.000905113
      32.0269  0.000889405
      32.0117  0.000869920
      31.9966  0.000849226
      31.9815  0.000828068
      31.9664  0.000805931
      31.9513  0.000783307
      31.9362  0.000760468
      31.9211  0.000737501
      31.9060  0.000715181
      31.8909  0.000692589
      31.8757  0.000651573
      31.8606  0.000650108
      31.8455  0.000632586
      31.8304  0.000613907
      31.8153  0.000591067
      31.8002  0.000569224
      31.7851  0.000540740
      31.7700  0.000538210
      31.7548  0.000537041
      31.7397  0.000531981
      31.7246  0.000522655
      31.7095  0.000515519
      31.6944  0.000510168
      31.6793  0.000494333
      31.6642  0.000494333
      31.6491  0.000494333
      31.6340  0.000494333
      31.6188  0.000494333
      31.6037  0.000494333
      31.5886  0.000473701
      31.5735  0.000454230
      31.5584  0.000431383
      31.5433  0.000406880
      31.5282  0.000381107
      31.5131  0.000355911
      31.4979  0.000330602
      31.4828  0.000306523
      31.4677  0.000284504
      31.4526  0.000264885
      31.4375  0.000247977
      31.4224  0.000234046
      31.4073  0.000223239
      31.3922  0.000221553
      31.3771  0.000221553
      31.3619  0.000221553
      31.3468  0.000221553
      31.3317  0.000221553
      31.3166  0.000221553
      31.3015  0.000221553
      31.2864  0.000221553
      31.2713  0.000229580
      31.2562  0.000239184
      31.2410  0.000250160
      31.2259  0.000262425
      31.2108  0.000271490
      31.1957  0.000275786
      31.1806  0.000290220
      31.1655  0.000302089
      31.1504  0.000322831
      31.1353  0.000340228
      31.1201  0.000357548
      31.1050  0.000394220
      31.0899  0.000413328
      31.0748  0.000431938
      31.0597  0.000450019
      31.0446  0.000467136
      31.0295  0.000467136
      31.0144  0.000467136
      30.9993  0.000467136
      30.9841  0.000467136
      30.9690  0.000467136
      30.9539  0.000467136
      30.9388  0.000467136
      30.9237  0.000428551
      30.9086  0.000426966
      30.8935  0.000406007
      30.8784  0.000376662
      30.8632  0.000369396
      30.8481  0.000361884
      30.8330  0.000343453
      30.8179  0.000308949
      30.8028  0.000272263
      30.7877  0.000272263
      30.7726  0.000272263
      30.7575  0.000272263
      30.7423  0.000272263
      30.7272  0.000243236
      30.7121  0.000214870
      30.6970  0.000188718
      30.6819  0.000185293
      30.6668  0.000182089
      30.6517  0.000179201
      30.6366  0.000172468
      30.6215  0.000171029
      30.6063  0.000171029
      30.5912  0.000171029
      30.5761  0.000163937
      30.5610  0.000163937
      30.5459  0.000171029
      30.5308  0.000179201
      30.5157  0.000182089
      30.5006  0.000184743
      30.4854  0.000185293
      30.4703  0.000185293
      30.4552  0.000184743
      30.4401  0.000184743
      30.4250  0.000184743
      30.4099  0.000184743
      30.3948  0.000184743
      30.3797  0.000178112
      30.3646  0.000159565
      30.3494  0.000159565
      30.3343  0.000139231
      30.3192  0.000117829
      30.3041  9.50794e-05
      30.2890  7.13107e-05
      30.2739  4.68957e-05
      30.2588  2.21984e-05
      30.2437      0.00000
      30.2285      0.00000
      30.2134      0.00000
      30.1983      0.00000
      30.1832      0.00000
      30.1681      0.00000
      30.1530      0.00000
      30.1379      0.00000
      30.1228      0.00000
      30.1077      0.00000
      30.0925      0.00000
      30.0774      0.00000
      30.0623      0.00000
      30.0472      0.00000
      30.0321      0.00000
      30.0170      0.00000
      30.0019      0.00000
      29.9868      0.00000
      29.9716      0.00000
      29.9565      0.00000
      29.9414      0.00000
      29.9263      0.00000
      29.9112      0.00000
      29.8961      0.00000
      29.8810      0.00000
      29.8659  1.83372e-06
      29.8507  2.41181e-05
      29.8356  2.42242e-05
      29.8205  5.06893e-05
      29.8054  5.32658e-05
      29.7903  9.76416e-05
      29.7752  0.000140094
      29.7601  0.000154542
      29.7450  0.000165548
      29.7299  0.000174086
      29.7147  0.000180294
      29.6996  0.000180294
      29.6845  0.000180294
      29.6694  0.000180294
      29.6543  0.000180294
      29.6392  0.000180294
      29.6241  0.000180294
      29.6090  0.000180294
      29.5938  0.000175118
      29.5787  0.000169482
      29.5636  0.000163566
      29.5485  0.000157243
      29.5334  0.000150908
      29.5183  0.000144782
      29.5032  0.000139051
      29.4881  0.000134045
      29.4729  0.000129792
      29.4578  0.000126726
      29.4427  0.000126726
      29.4276  0.000126726
      29.4125  0.000126726
      29.3974  0.000126726
      29.3823  0.000126726
      29.3672  0.000126726
      29.3521  0.000126726
      29.3369  0.000132945
      29.3218  0.000141141
      29.3067  0.000142870
      29.2916  0.000152575
      29.2765  0.000158743
      29.2614  0.000164295
      29.2463  0.000164295
      29.2312  0.000169531
      29.2160  0.000170380
      29.2009  0.000171994
      29.1858  0.000171994
      29.1707  0.000171994
      29.1556  0.000171994
      29.1405  0.000171994
      29.1254  0.000171994
      29.1103  0.000170380
      29.0952  0.000165700
      29.0800  0.000158405
      29.0649  0.000150480
      29.0498  0.000142359
      29.0347  0.000134379
      29.0196  0.000134379
      29.0045  0.000126660
      28.9894  0.000119555
      28.9743  0.000113359
      28.9591  0.000112980
      28.9440  0.000112980
      28.9289  0.000112980
      28.9138  0.000112980
      28.8987  0.000112980
      28.8836  0.000112980
      28.8685  0.000112980
      28.8534  0.000112980
      28.8382  0.000120016
      28.8231  0.000128883
      28.8080  0.000139675
      28.7929  0.000152434
      28.7778  0.000166453
      28.7627  0.000180730
      28.7476  0.000197925
      28.7325  0.000201580
      28.7174  0.000213710
      28.7022  0.000213710
      28.6871  0.000213710
      28.6720  0.000225420
      28.6569  0.000238993
      28.6418  0.000238993
      28.6267  0.000238993
      28.6116  0.000238993
      28.5965  0.000238993
      28.5813  0.000229278
      28.5662  0.000225420
      28.5511  0.000215734
      28.5360  0.000200056
      28.5209  0.000182432
      28.5058  0.000163727
      28.4907  0.000159760
      28.4756  0.000159760
      28.4605  0.000142888
      28.4453  0.000114584
      28.4302  7.00665e-05
      28.4151  6.92250e-05
      28.4000  6.92250e-05
      28.3849  6.92250e-05
      28.3698  6.92250e-05
      28.3547  6.92250e-05
      28.3396  6.80438e-05
      28.3244  6.80438e-05
      28.3093  6.80438e-05
      28.2942  6.92250e-05
      28.2791  7.00665e-05
      28.2640  7.92114e-05
      28.2489  8.81461e-05
      28.2338  9.09040e-05
      28.2187  0.000101021
      28.2035  0.000125208
      28.1884  0.000125208
      28.1733  0.000125208
      28.1582  0.000125208
      28.1431  0.000125208
      28.1280  0.000125208
      28.1129  0.000125208
      28.0978  0.000119163
      28.0827  0.000119163
      28.0675  0.000106994
      28.0524  9.54244e-05
      28.0373  8.45227e-05
      28.0222  8.12815e-05
      28.0071  7.77758e-05
      27.9920  7.77758e-05
      27.9769  7.77758e-05
      27.9618  7.77758e-05
      27.9466  7.77758e-05
      27.9315  7.77758e-05
      27.9164  7.77758e-05
      27.9013  8.12815e-05
      27.8862  9.47916e-05
      27.8711  0.000112604
      27.8560  0.000127107
      27.8409  0.000142540
      27.8258  0.000158982
      27.8106  0.000176209
      27.7955  0.000193984
      27.7804  0.000212057
      27.7653  0.000230178
      27.7502  0.000248074
      27.7351  0.000265541
      27.7200  0.000281945
      27.7049  0.000297892
      27.6897  0.000312752
      27.6746  0.000325859
      27.6595  0.000336836
      27.6444  0.000337602
      27.6293  0.000343094
      27.6142  0.000343094
      27.5991  0.000343094
      27.5840  0.000343094
      27.5688  0.000343094
      27.5537  0.000343094
      27.5386  0.000343094
      27.5235  0.000337602
      27.5084  0.000332385
      27.4933  0.000320694
      27.4782  0.000308061
      27.4631  0.000294942
      27.4480  0.000281691
      27.4328  0.000268646
      27.4177  0.000256056
      27.4026  0.000243946
      27.3875  0.000232293
      27.3724  0.000221163
      27.3573  0.000210507
      27.3422  0.000200352
      27.3271  0.000190730
      27.3119  0.000181644
      27.2968  0.000173127
      27.2817  0.000165177
      27.2666  0.000157596
      27.2515  0.000150038
      27.2364  0.000142189
      27.2213  0.000133699
      27.2062  0.000124225
      27.1911  0.000113390
      27.1759  0.000100739
      27.1608  8.65045e-05
      27.1457  6.96412e-05
      27.1306  5.03047e-05
      27.1155  2.90646e-05
      27.1004  6.78825e-06
      27.0853      0.00000
      27.0702      0.00000
      27.0550      0.00000
      27.0399      0.00000
      27.0248      0.00000
      27.0097      0.00000
      26.9946      0.00000
      26.9795      0.00000
      26.9644      0.00000
      26.9493      0.00000
      26.9341      0.00000
      26.9190      0.00000
      26.9039      0.00000
      26.8888      0.00000
      26.8737      0.00000
      26.8586      0.00000
      26.8435      0.00000
      26.8284      0.00000
      26.8133  1.45237e-05
      26.7981  4.73556e-05
      26.7830  8.09570e-05
      26.7679  0.000114651
      26.7528  0.000129149
      26.7377  0.000145239
      26.7226  0.000177124
      26.7075  0.000199481
      26.6924  0.000199481
      26.6772  0.000199481
      26.6621  0.000199481
      26.6470  0.000199481
      26.6319  0.000199481
      26.6168  0.000199481
      26.6017  0.000171258
      26.5866  0.000171258
      26.5715  0.000159101
      26.5564  0.000148557
      26.5412  0.000112447
      26.5261  7.38921e-05
      26.5110  3.54179e-05
      26.4959      0.00000
      26.4808      0.00000
      26.4657      0.00000
      26.4506      0.00000
      26.4355      0.00000
      26.4203      0.00000
      26.4052      0.00000
      26.3901      0.00000
      26.3750      0.00000
      26.3599      0.00000
      26.3448      0.00000
      26.3297      0.00000
      26.3146      0.00000
      26.2994      0.00000
      26.2843      0.00000
      26.2692      0.00000
      26.2541      0.00000
      26.2390      0.00000
      26.2239      0.00000
      26.2088      0.00000
      26.1937      0.00000
      26.1786      0.00000
      26.1634      0.00000
      26.1483      0.00000
      26.1332      0.00000
      26.1181      0.00000
      26.1030      0.00000
      26.0879      0.00000
      26.0728      0.00000
      26.0577      0.00000
