      41.1545      0.00000
      41.1393  0.000315984
      41.1242  0.000326452
      41.1091  0.000335006
      41.0940  0.000343518
      41.0789  0.000352076
      41.0638  0.000360638
      41.0487  0.000352076
      41.0336  0.000360638
      41.0184  0.000366097
      41.0033  0.000366097
      40.9882  0.000369119
      40.9731  0.000376783
      40.9580  0.000377371
      40.9429  0.000385061
      40.9278  0.000385429
      40.9127  0.000385429
      40.8976  0.000385429
      40.8824  0.000376783
      40.8673  0.000366097
      40.8522  0.000307802
      40.8371  0.000307802
      40.8220  0.000307802
      40.8069  0.000278545
      40.7918  0.000160527
      40.7767  0.000100458
      40.7615  0.000100458
      40.7464  0.000100458
      40.7313  0.000100458
      40.7162  0.000100458
      40.7011  0.000100458
      40.6860  0.000100458
      40.6709  0.000100458
      40.6558  0.000340758
      40.6407  0.000519124
      40.6255  0.000625923
      40.6104  0.000697225
      40.5953  0.000724168
      40.5802  0.000749421
      40.5651  0.000788390
      40.5500  0.000848112
      40.5349  0.000848112
      40.5198  0.000848112
      40.5046  0.000848112
      40.4895  0.000848112
      40.4744  0.000848112
      40.4593  0.000848112
      40.4442  0.000848112
      40.4291  0.000785446
      40.4140  0.000665151
      40.3989  0.000478704
      40.3838  0.000478704
      40.3686  0.000478704
      40.3535  0.000478704
      40.3384  0.000478704
      40.3233  0.000478704
      40.3082  0.000478704
      40.2931  0.000349759
      40.2780  0.000349759
      40.2629  0.000544926
      40.2477  0.000849748
      40.2326   0.00109100
      40.2175   0.00127859
      40.2024   0.00140945
      40.1873   0.00152488
      40.1722   0.00159829
      40.1571   0.00165683
      40.1420   0.00181560
      40.1268   0.00190188
      40.1117   0.00197309
      40.0966   0.00203610
      40.0815   0.00208375
      40.0664   0.00211787
      40.0513   0.00220758
      40.0362   0.00226786
      40.0211   0.00231229
      40.0060   0.00235443
      39.9908   0.00247663
      39.9757   0.00254530
      39.9606   0.00260035
      39.9455   0.00260035
      39.9304   0.00260035
      39.9153   0.00264971
      39.9002   0.00266349
      39.8851   0.00266349
      39.8699   0.00266349
      39.8548   0.00266349
      39.8397   0.00266349
      39.8246   0.00266349
      39.8095   0.00263316
      39.7944   0.00258421
      39.7793   0.00249252
      39.7642   0.00248358
      39.7491   0.00247992
      39.7339   0.00244470
      39.7188   0.00244470
      39.7037   0.00240673
      39.6886   0.00236788
      39.6735   0.00232820
      39.6584   0.00228506
      39.6433   0.00219567
      39.6282   0.00219567
      39.6130   0.00215988
      39.5979   0.00207849
      39.5828   0.00205842
      39.5677   0.00202641
      39.5526   0.00195835
      39.5375   0.00193475
      39.5224   0.00186887
      39.5073   0.00174811
      39.4921   0.00158145
      39.4770   0.00134911
      39.4619   0.00102906
      39.4468  0.000615865
      39.4317  0.000391638
      39.4166  0.000391638
      39.4015  0.000391638
      39.3864  0.000391638
      39.3713  0.000391638
      39.3561  0.000391638
      39.3410  0.000391638
      39.3259  0.000391638
      39.3108  0.000974960
      39.2957   0.00157065
      39.2806   0.00208544
      39.2655   0.00251820
      39.2504   0.00288397
      39.2352   0.00319917
      39.2201   0.00347673
      39.2050   0.00372606
      39.1899   0.00395427
      39.1748   0.00415942
      39.1597   0.00422290
      39.1446   0.00422290
      39.1295   0.00436565
      39.1143   0.00455420
      39.0992   0.00473288
      39.0841   0.00490130
      39.0690   0.00503210
      39.0539   0.00518469
      39.0388   0.00521429
      39.0237   0.00562325
      39.0086   0.00596052
      38.9935   0.00616382
      38.9783   0.00633513
      38.9632   0.00649286
      38.9481   0.00663106
      38.9330   0.00669847
      38.9179   0.00677531
      38.9028   0.00690017
      38.8877   0.00691457
      38.8726   0.00736444
      38.8574   0.00753985
      38.8423   0.00769608
      38.8272   0.00784731
      38.8121   0.00799656
      38.7970   0.00814462
      38.7819   0.00829150
      38.7668   0.00843728
      38.7517   0.00858183
      38.7365   0.00872479
      38.7214   0.00886544
      38.7063   0.00900182
      38.6912   0.00911533
      38.6761   0.00927475
      38.6610   0.00940620
      38.6459   0.00953114
      38.6308   0.00964286
      38.6157   0.00973854
      38.6005   0.00988842
      38.5854   0.00999499
      38.5703    0.0100318
      38.5552    0.0102058
      38.5401    0.0103007
      38.5250    0.0103856
      38.5099    0.0104617
      38.4948    0.0105290
      38.4796    0.0105870
      38.4645    0.0106110
      38.4494    0.0106110
      38.4343    0.0106110
      38.4192    0.0106110
      38.4041    0.0106110
      38.3890    0.0106110
      38.3739    0.0106110
      38.3588    0.0106110
      38.3436    0.0106110
      38.3285    0.0106110
      38.3134    0.0106110
      38.2983    0.0106110
      38.2832    0.0106110
      38.2681    0.0106110
      38.2530    0.0106110
      38.2379    0.0106371
      38.2227    0.0107437
      38.2076    0.0108880
      38.1925    0.0110756
      38.1774    0.0113128
      38.1623    0.0116038
      38.1472    0.0119541
      38.1321    0.0123692
      38.1170    0.0128552
      38.1019    0.0134180
      38.0867    0.0134180
      38.0716    0.0140655
      38.0565    0.0147930
      38.0414    0.0155734
      38.0263    0.0163051
      38.0112    0.0172688
      37.9961    0.0180548
      37.9810    0.0181193
      37.9658    0.0203600
      37.9507    0.0215668
      37.9356    0.0224020
      37.9205    0.0230955
      37.9054    0.0236701
      37.8903    0.0240339
      37.8752    0.0241229
      37.8601    0.0243694
      37.8449    0.0243694
      37.8298    0.0243694
      37.8147    0.0243694
      37.7996    0.0243694
      37.7845    0.0243694
      37.7694    0.0243694
      37.7543    0.0241340
      37.7392    0.0240339
      37.7241    0.0237570
      37.7089    0.0234280
      37.6938    0.0233002
      37.6787    0.0229758
      37.6636    0.0225843
      37.6485    0.0220816
      37.6334    0.0213446
      37.6183    0.0204912
      37.6032    0.0204912
      37.5880    0.0204912
      37.5729    0.0204912
      37.5578    0.0204912
      37.5427    0.0204912
      37.5276    0.0204912
      37.5125    0.0204912
      37.4974    0.0216230
      37.4823    0.0216230
      37.4672    0.0220823
      37.4520    0.0220823
      37.4369    0.0224256
      37.4218    0.0225515
      37.4067    0.0225820
      37.3916    0.0225820
      37.3765    0.0225820
      37.3614    0.0225820
      37.3463    0.0225820
      37.3311    0.0225515
      37.3160    0.0224999
      37.3009    0.0224106
      37.2858    0.0223233
      37.2707    0.0222298
      37.2556    0.0222298
      37.2405    0.0221322
      37.2254    0.0221322
      37.2102    0.0220296
      37.1951    0.0219238
      37.1800    0.0218140
      37.1649    0.0216990
      37.1498    0.0215800
      37.1347    0.0214539
      37.1196    0.0211974
      37.1045    0.0211446
      37.0894    0.0210659
      37.0742    0.0209299
      37.0591    0.0207916
      37.0440    0.0206522
      37.0289    0.0205184
      37.0138    0.0203835
      36.9987    0.0202515
      36.9836    0.0201129
      36.9685    0.0199783
      36.9533    0.0197789
      36.9382    0.0196983
      36.9231    0.0195732
      36.9080    0.0194367
      36.8929    0.0192980
      36.8778    0.0191583
      36.8627    0.0190189
      36.8476    0.0188796
      36.8325    0.0187375
      36.8173    0.0185894
      36.8022    0.0183886
      36.7871    0.0180620
      36.7720    0.0179824
      36.7569    0.0178917
      36.7418    0.0178109
      36.7267    0.0177460
      36.7116    0.0177460
      36.6964    0.0177460
      36.6813    0.0177460
      36.6662    0.0178109
      36.6511    0.0178194
      36.6360    0.0178194
      36.6209    0.0178194
      36.6058    0.0178194
      36.5907    0.0179231
      36.5755    0.0179590
      36.5604    0.0182724
      36.5453    0.0184265
      36.5302    0.0185573
      36.5151    0.0185573
      36.5000    0.0185573
      36.4849    0.0185573
      36.4698    0.0185573
      36.4547    0.0185573
      36.4395    0.0185573
      36.4244    0.0185573
      36.4093    0.0184735
      36.3942    0.0183506
      36.3791    0.0182036
      36.3640    0.0180222
      36.3489    0.0177593
      36.3338    0.0167476
      36.3186    0.0167035
      36.3035    0.0159666
      36.2884    0.0156322
      36.2733    0.0149020
      36.2582    0.0145185
      36.2431    0.0145185
      36.2280    0.0145185
      36.2129    0.0137876
      36.1978    0.0134223
      36.1826    0.0134223
      36.1675    0.0134227
      36.1524    0.0134223
      36.1373    0.0131993
      36.1222    0.0131993
      36.1071    0.0131993
      36.0920    0.0131993
      36.0769    0.0131993
      36.0617    0.0131993
      36.0466    0.0120457
      36.0315    0.0111978
      36.0164   0.00963600
      36.0013   0.00715169
      35.9862   0.00428256
      35.9711   0.00428256
      35.9560   0.00428256
      35.9408   0.00428256
      35.9257   0.00699395
      35.9106   0.00699395
      35.8955   0.00699395
      35.8804   0.00699395
      35.8653   0.00699395
      35.8502   0.00869589
      35.8351   0.00956724
      35.8200   0.00956724
      35.8048   0.00956724
      35.7897   0.00956724
      35.7746   0.00956724
      35.7595   0.00956724
      35.7444   0.00956724
      35.7293   0.00956724
      35.7142   0.00897827
      35.6991   0.00897827
      35.6839   0.00897171
      35.6688   0.00888066
      35.6537   0.00873903
      35.6386   0.00850911
      35.6235   0.00842451
      35.6084   0.00810147
      35.5933   0.00781504
      35.5782   0.00781504
      35.5630   0.00781504
      35.5479   0.00781504
      35.5328   0.00781504
      35.5177   0.00781504
      35.5026   0.00659645
      35.4875   0.00554764
      35.4724   0.00554764
      35.4573   0.00554764
      35.4422   0.00554764
      35.4270   0.00554764
      35.4119   0.00554764
      35.3968   0.00554764
      35.3817   0.00367320
      35.3666   0.00554764
      35.3515   0.00657933
      35.3364   0.00708169
      35.3213   0.00728824
      35.3061   0.00728824
      35.2910   0.00728824
      35.2759   0.00728824
      35.2608   0.00728824
      35.2457   0.00728824
      35.2306   0.00728824
      35.2155   0.00724057
      35.2004   0.00719108
      35.1853   0.00711345
      35.1701   0.00708620
      35.1550   0.00708620
      35.1399   0.00705222
      35.1248   0.00700667
      35.1097   0.00694831
      35.0946   0.00692490
      35.0795   0.00688501
      35.0644   0.00684508
      35.0492   0.00680471
      35.0341   0.00676261
      35.0190   0.00670340
      35.0039   0.00666620
      34.9888   0.00655916
      34.9737   0.00653099
      34.9586   0.00649415
      34.9435   0.00648740
      34.9283   0.00645458
      34.9132   0.00643142
      34.8981   0.00641287
      34.8830   0.00636177
      34.8679   0.00631520
      34.8528   0.00626478
      34.8377   0.00621923
      34.8226   0.00613973
      34.8075   0.00611243
      34.7923   0.00609102
      34.7772   0.00603950
      34.7621   0.00598523
      34.7470   0.00592328
      34.7319   0.00586327
      34.7168   0.00580332
      34.7017   0.00573200
      34.6866   0.00564915
      34.6714   0.00553620
      34.6563   0.00542652
      34.6412   0.00526660
      34.6261   0.00503162
      34.6110   0.00466496
      34.5959   0.00406172
      34.5808   0.00406172
      34.5657   0.00406172
      34.5506   0.00406172
      34.5354   0.00406172
      34.5203   0.00403162
      34.5052   0.00389169
      34.4901   0.00357921
      34.4750   0.00357921
      34.4599   0.00401307
      34.4448   0.00401307
      34.4297   0.00401307
      34.4145   0.00401307
      34.3994   0.00401307
      34.3843   0.00401307
      34.3692   0.00396702
      34.3541   0.00390120
      34.3390   0.00382633
      34.3239   0.00375967
      34.3088   0.00368908
      34.2936   0.00361967
      34.2785   0.00361967
      34.2634   0.00361967
      34.2483   0.00355258
      34.2332   0.00348745
      34.2181   0.00342457
      34.2030   0.00336400
      34.1879   0.00330565
      34.1728   0.00324968
      34.1576   0.00319605
      34.1425   0.00314468
      34.1274   0.00309566
      34.1123   0.00304888
      34.0972   0.00300427
      34.0821   0.00296138
      34.0670   0.00292044
      34.0519   0.00288097
      34.0367   0.00284291
      34.0216   0.00280638
      34.0065   0.00277103
      33.9914   0.00273694
      33.9763   0.00270364
      33.9612   0.00267211
      33.9461   0.00264036
      33.9310   0.00261078
      33.9159   0.00258347
      33.9007   0.00255605
      33.8856   0.00252930
      33.8705   0.00250242
      33.8554   0.00246874
      33.8403   0.00240414
      33.8252   0.00238708
      33.8101   0.00236824
      33.7950   0.00236585
      33.7798   0.00236190
      33.7647   0.00234369
      33.7496   0.00232042
      33.7345   0.00229400
      33.7194   0.00227165
      33.7043   0.00224575
      33.6892   0.00221847
      33.6741   0.00218987
      33.6590   0.00215973
      33.6438   0.00212730
      33.6287   0.00209452
      33.6136   0.00205999
      33.5985   0.00202451
      33.5834   0.00198787
      33.5683   0.00194980
      33.5532   0.00190814
      33.5381   0.00185393
      33.5229   0.00172407
      33.5078   0.00170521
      33.4927   0.00169754
      33.4776   0.00169467
      33.4625   0.00169033
      33.4474   0.00167207
      33.4323   0.00164831
      33.4172   0.00161927
      33.4020   0.00158150
      33.3869   0.00158150
      33.3718   0.00156842
      33.3567   0.00155246
      33.3416   0.00152957
      33.3265   0.00150646
      33.3114   0.00149690
      33.2963   0.00148649
      33.2812   0.00147493
      33.2660   0.00147493
      33.2509   0.00146250
      33.2358   0.00144363
      33.2207   0.00140463
      33.2056   0.00138963
      33.1905   0.00135730
      33.1754   0.00129526
      33.1603   0.00119890
      33.1451   0.00117670
      33.1300   0.00113452
      33.1149   0.00108857
      33.0998  0.000998967
      33.0847  0.000875948
      33.0696  0.000712490
      33.0545  0.000712490
      33.0394  0.000712490
      33.0243  0.000712490
      33.0091  0.000840638
      32.9940  0.000980883
      32.9789  0.000980883
      32.9638  0.000980883
      32.9487  0.000980883
      32.9336  0.000980883
      32.9185  0.000998821
      32.9034  0.000998821
      32.8882  0.000998821
      32.8731  0.000998821
      32.8580  0.000998821
      32.8429  0.000998821
      32.8278  0.000998821
      32.8127  0.000998821
      32.7976  0.000961445
      32.7825  0.000943395
      32.7673  0.000922708
      32.7522  0.000901205
      32.7371  0.000879186
      32.7220  0.000856904
      32.7069  0.000854163
      32.6918  0.000834329
      32.6767  0.000799980
      32.6616  0.000783243
      32.6465  0.000771900
      32.6313  0.000753142
      32.6162  0.000734686
      32.6011  0.000717430
      32.5860  0.000701061
      32.5709  0.000685832
      32.5558  0.000671678
      32.5407  0.000658464
      32.5256  0.000645638
      32.5104  0.000634405
      32.4953  0.000623347
      32.4802  0.000612811
      32.4651  0.000602709
      32.4500  0.000592907
      32.4349  0.000578954
      32.4198  0.000574209
      32.4047  0.000565321
      32.3895  0.000556452
      32.3744  0.000547502
      32.3593  0.000538279
      32.3442  0.000528201
      32.3291  0.000512744
      32.3140  0.000492601
      32.2989  0.000484353
      32.2838  0.000482043
      32.2687  0.000475946
      32.2535  0.000467242
      32.2384  0.000458473
      32.2233  0.000449731
      32.2082  0.000441042
      32.1931  0.000441042
      32.1780  0.000432429
      32.1629  0.000423949
      32.1478  0.000415605
      32.1326  0.000407404
      32.1175  0.000399332
      32.1024  0.000391283
      32.0873  0.000381510
      32.0722  0.000373132
      32.0571  0.000368700
      32.0420  0.000360335
      32.0269  0.000354212
      32.0117  0.000346594
      31.9966  0.000338513
      31.9815  0.000330262
      31.9664  0.000321631
      31.9513  0.000312799
      31.9362  0.000303887
      31.9211  0.000294917
      31.9060  0.000286200
      31.8909  0.000277372
      31.8757  0.000261384
      31.8606  0.000260576
      31.8455  0.000254009
      31.8304  0.000246758
      31.8153  0.000237849
      31.8002  0.000229360
      31.7851  0.000220750
      31.7700  0.000220083
      31.7548  0.000218874
      31.7397  0.000217907
      31.7246  0.000214427
      31.7095  0.000209737
      31.6944  0.000209627
      31.6793  0.000203424
      31.6642  0.000203424
      31.6491  0.000203424
      31.6340  0.000203424
      31.6188  0.000203424
      31.6037  0.000203424
      31.5886  0.000195209
      31.5735  0.000187438
      31.5584  0.000178245
      31.5433  0.000168341
      31.5282  0.000157876
      31.5131  0.000147630
      31.4979  0.000137305
      31.4828  0.000127459
      31.4677  0.000118459
      31.4526  0.000110428
      31.4375  0.000103513
      31.4224  9.78221e-05
      31.4073  9.34289e-05
      31.3922  9.34289e-05
      31.3771  9.34289e-05
      31.3619  9.34289e-05
      31.3468  9.34289e-05
      31.3317  9.34289e-05
      31.3166  9.34289e-05
      31.3015  9.34289e-05
      31.2864  9.36993e-05
      31.2713  9.72130e-05
      31.2562  0.000101400
      31.2410  0.000106174
      31.2259  0.000111488
      31.2108  0.000116040
      31.1957  0.000117278
      31.1806  0.000123530
      31.1655  0.000128685
      31.1504  0.000137639
      31.1353  0.000145177
      31.1201  0.000152693
      31.1050  0.000168634
      31.0899  0.000176958
      31.0748  0.000185088
      31.0597  0.000193020
      31.0446  0.000200568
      31.0295  0.000200568
      31.0144  0.000200568
      30.9993  0.000200568
      30.9841  0.000200568
      30.9690  0.000200568
      30.9539  0.000200568
      30.9388  0.000200568
      30.9237  0.000187116
      30.9086  0.000186628
      30.8935  0.000177655
      30.8784  0.000164994
      30.8632  0.000161104
      30.8481  0.000156888
      30.8330  0.000150599
      30.8179  0.000135607
      30.8028  0.000119623
      30.7877  0.000119623
      30.7726  0.000119623
      30.7575  0.000119623
      30.7423  0.000119623
      30.7272  0.000106972
      30.7121  9.45803e-05
      30.6970  8.31394e-05
      30.6819  8.20271e-05
      30.6668  8.06504e-05
      30.6517  7.92874e-05
      30.6366  7.60420e-05
      30.6215  7.56320e-05
      30.6063  7.56320e-05
      30.5912  7.56320e-05
      30.5761  7.24567e-05
      30.5610  7.24567e-05
      30.5459  7.56320e-05
      30.5308  7.92874e-05
      30.5157  8.06504e-05
      30.5006  8.20271e-05
      30.4854  8.20383e-05
      30.4703  8.20383e-05
      30.4552  8.20383e-05
      30.4401  8.20383e-05
      30.4250  8.20383e-05
      30.4099  8.20383e-05
      30.3948  8.20383e-05
      30.3797  7.97517e-05
      30.3646  7.14978e-05
      30.3494  7.14978e-05
      30.3343  6.24242e-05
      30.3192  5.28511e-05
      30.3041  4.26538e-05
      30.2890  3.19928e-05
      30.2739  2.10371e-05
      30.2588  9.95658e-06
      30.2437      0.00000
      30.2285      0.00000
      30.2134      0.00000
      30.1983      0.00000
      30.1832      0.00000
      30.1681      0.00000
      30.1530      0.00000
      30.1379      0.00000
      30.1228      0.00000
      30.1077      0.00000
      30.0925      0.00000
      30.0774      0.00000
      30.0623      0.00000
      30.0472      0.00000
      30.0321      0.00000
      30.0170      0.00000
      30.0019      0.00000
      29.9868      0.00000
      29.9716      0.00000
      29.9565      0.00000
      29.9414      0.00000
      29.9263      0.00000
      29.9112      0.00000
      29.8961      0.00000
      29.8810      0.00000
      29.8659  8.10317e-07
      29.8507  1.06457e-05
      29.8356  1.06799e-05
      29.8205  2.23010e-05
      29.8054  2.33918e-05
      29.7903  4.29158e-05
      29.7752  6.14747e-05
      29.7601  6.77686e-05
      29.7450  7.25488e-05
      29.7299  7.62444e-05
      29.7147  7.84907e-05
      29.6996  7.84907e-05
      29.6845  7.84907e-05
      29.6694  7.84907e-05
      29.6543  7.84907e-05
      29.6392  7.84907e-05
      29.6241  7.84907e-05
      29.6090  7.84907e-05
      29.5938  7.61499e-05
      29.5787  7.36090e-05
      29.5636  7.09536e-05
      29.5485  6.81229e-05
      29.5334  6.52925e-05
      29.5183  6.25615e-05
      29.5032  6.00065e-05
      29.4881  5.77694e-05
      29.4729  5.58642e-05
      29.4578  5.44771e-05
      29.4427  5.44771e-05
      29.4276  5.44771e-05
      29.4125  5.44771e-05
      29.3974  5.44771e-05
      29.3823  5.44771e-05
      29.3672  5.44771e-05
      29.3521  5.44771e-05
      29.3369  5.65917e-05
      29.3218  6.00097e-05
      29.3067  6.06725e-05
      29.2916  6.47211e-05
      29.2765  6.72602e-05
      29.2614  6.95369e-05
      29.2463  6.95369e-05
      29.2312  7.14066e-05
      29.2160  7.16755e-05
      29.2009  7.19252e-05
      29.1858  7.19252e-05
      29.1707  7.19252e-05
      29.1556  7.19252e-05
      29.1405  7.19252e-05
      29.1254  7.19252e-05
      29.1103  7.14066e-05
      29.0952  6.92162e-05
      29.0800  6.60959e-05
      29.0649  6.27212e-05
      29.0498  5.92695e-05
      29.0347  5.58826e-05
      29.0196  5.58826e-05
      29.0045  5.26155e-05
      28.9894  4.96077e-05
      28.9743  4.69835e-05
      28.9591  4.63687e-05
      28.9440  4.63687e-05
      28.9289  4.63687e-05
      28.9138  4.63687e-05
      28.8987  4.63687e-05
      28.8836  4.63687e-05
      28.8685  4.63687e-05
      28.8534  4.63687e-05
      28.8382  4.91936e-05
      28.8231  5.27627e-05
      28.8080  5.71101e-05
      28.7929  6.22475e-05
      28.7778  6.78839e-05
      28.7627  7.36128e-05
      28.7476  8.05113e-05
      28.7325  8.17761e-05
      28.7174  8.68171e-05
      28.7022  8.68171e-05
      28.6871  8.68171e-05
      28.6720  8.95821e-05
      28.6569  9.47268e-05
      28.6418  9.47268e-05
      28.6267  9.47268e-05
      28.6116  9.47268e-05
      28.5965  9.47268e-05
      28.5813  9.06414e-05
      28.5662  8.95821e-05
      28.5511  8.50692e-05
      28.5360  7.86918e-05
      28.5209  7.15901e-05
      28.5058  6.41071e-05
      28.4907  6.36557e-05
      28.4756  6.36557e-05
      28.4605  5.58314e-05
      28.4453  4.46840e-05
      28.4302  2.71211e-05
      28.4151  2.65649e-05
      28.4000  2.65649e-05
      28.3849  2.65649e-05
      28.3698  2.65649e-05
      28.3547  2.65649e-05
      28.3396  2.63860e-05
      28.3244  2.63860e-05
      28.3093  2.63860e-05
      28.2942  2.65649e-05
      28.2791  2.71211e-05
      28.2640  3.03467e-05
      28.2489  3.36071e-05
      28.2338  3.47692e-05
      28.2187  3.85773e-05
      28.2035  4.75929e-05
      28.1884  4.75929e-05
      28.1733  4.75929e-05
      28.1582  4.75929e-05
      28.1431  4.75929e-05
      28.1280  4.75929e-05
      28.1129  4.75929e-05
      28.0978  4.48882e-05
      28.0827  4.48882e-05
      28.0675  4.02681e-05
      28.0524  3.58796e-05
      28.0373  3.17459e-05
      28.0222  3.01462e-05
      28.0071  2.88031e-05
      27.9920  2.88031e-05
      27.9769  2.88031e-05
      27.9618  2.88031e-05
      27.9466  2.88031e-05
      27.9315  2.88031e-05
      27.9164  2.88031e-05
      27.9013  3.01462e-05
      27.8862  3.50578e-05
      27.8711  4.15990e-05
      27.8560  4.69167e-05
      27.8409  5.25767e-05
      27.8258  5.86056e-05
      27.8106  6.49204e-05
      27.7955  7.14340e-05
      27.7804  7.80498e-05
      27.7653  8.46731e-05
      27.7502  9.12017e-05
      27.7351  9.75518e-05
      27.7200  0.000103487
      27.7049  0.000109226
      27.6897  0.000114546
      27.6746  0.000119192
      27.6595  0.000122197
      27.6444  0.000123042
      27.6293  0.000123497
      27.6142  0.000123497
      27.5991  0.000123497
      27.5840  0.000123497
      27.5688  0.000123497
      27.5537  0.000123497
      27.5386  0.000123497
      27.5235  0.000122197
      27.5084  0.000119407
      27.4933  0.000114961
      27.4782  0.000110197
      27.4631  0.000105267
      27.4480  0.000100296
      27.4328  9.54012e-05
      27.4177  9.06693e-05
      27.4026  8.61183e-05
      27.3875  8.17423e-05
      27.3724  7.75703e-05
      27.3573  7.35844e-05
      27.3422  6.97969e-05
      27.3271  6.62121e-05
      27.3119  6.28373e-05
      27.2968  5.96781e-05
      27.2817  5.67352e-05
      27.2666  5.39366e-05
      27.2515  5.11642e-05
      27.2364  4.83056e-05
      27.2213  4.52459e-05
      27.2062  4.18741e-05
      27.1911  3.80621e-05
      27.1759  3.36652e-05
      27.1608  2.87700e-05
      27.1457  2.30392e-05
      27.1306  1.65448e-05
      27.1155  9.49912e-06
      27.1004  2.20395e-06
      27.0853      0.00000
      27.0702      0.00000
      27.0550      0.00000
      27.0399      0.00000
      27.0248      0.00000
      27.0097      0.00000
      26.9946      0.00000
      26.9795      0.00000
      26.9644      0.00000
      26.9493      0.00000
      26.9341      0.00000
      26.9190      0.00000
      26.9039      0.00000
      26.8888      0.00000
      26.8737      0.00000
      26.8586      0.00000
      26.8435      0.00000
      26.8284      0.00000
      26.8133  4.17079e-06
      26.7981  1.35012e-05
      26.7830  2.29060e-05
      26.7679  3.21740e-05
      26.7528  3.46820e-05
      26.7377  4.03916e-05
      26.7226  4.87629e-05
      26.7075  5.42819e-05
      26.6924  5.42819e-05
      26.6772  5.42819e-05
      26.6621  5.42819e-05
      26.6470  5.42819e-05
      26.6319  5.42819e-05
      26.6168  5.42819e-05
      26.6017  4.04936e-05
      26.5866  4.04936e-05
      26.5715  3.70649e-05
      26.5564  3.41179e-05
      26.5412  2.54693e-05
      26.5261  1.65099e-05
      26.5110  7.80735e-06
      26.4959      0.00000
      26.4808      0.00000
      26.4657      0.00000
      26.4506      0.00000
      26.4355      0.00000
      26.4203      0.00000
      26.4052      0.00000
      26.3901      0.00000
      26.3750      0.00000
      26.3599      0.00000
      26.3448      0.00000
      26.3297      0.00000
      26.3146      0.00000
      26.2994      0.00000
      26.2843      0.00000
      26.2692      0.00000
      26.2541      0.00000
      26.2390      0.00000
      26.2239      0.00000
      26.2088      0.00000
      26.1937      0.00000
      26.1786      0.00000
      26.1634      0.00000
      26.1483      0.00000
      26.1332      0.00000
      26.1181      0.00000
      26.1030      0.00000
      26.0879      0.00000
      26.0728      0.00000
      26.0577      0.00000
