2.500000000000000000e+00 5.732574499999999462e-01
2.496255616575137282e+00 4.553938200000000047e-01
2.492522432701894441e+00 3.703124500000000152e-01
2.488800398208063758e+00 4.090830400000000089e-01
2.485089463220675920e+00 4.743681000000000147e-01
2.481389578163771592e+00 4.885121299999999889e-01
2.477700693756194283e+00 7.047828999999999899e-01
2.474022761009401439e+00 5.925210699999999830e-01
2.470355731225296392e+00 6.623029700000000464e-01
2.466699555994079862e+00 8.233396400000000392e-01
2.463054187192118327e+00 6.616486299999999598e-01
2.459419576979832822e+00 8.976941099999999896e-01
2.455795677799607279e+00 8.031590600000000357e-01
2.452182442373712412e+00 5.893890899999999489e-01
2.448579823702252689e+00 5.990394399999999786e-01
2.444987775061124857e+00 7.042593999999999799e-01
2.441406250000000000e+00 9.152652000000000010e-01
2.437835202340321583e+00 7.544280899999999956e-01
2.434274586173320376e+00 6.143615799999999627e-01
2.430724355858045804e+00 9.151436699999999647e-01
2.427184466019417286e+00 8.604340600000000006e-01
2.423654871546292000e+00 8.327624200000000032e-01
2.420135527589545088e+00 7.454498400000000302e-01
2.416626389560173838e+00 6.800708199999999648e-01
2.413127413127412968e+00 8.102408100000000335e-01
2.409638554216867679e+00 8.100150200000000300e-01
2.406159769008662241e+00 7.866821299999999795e-01
2.402691013935607689e+00 8.777114200000000199e-01
2.399232245681381936e+00 8.715370300000000459e-01
2.395783421178725447e+00 8.546536000000000133e-01
2.392344497607655551e+00 8.436344900000000147e-01
2.388915432393693195e+00 8.433607199999999526e-01
2.385496183206107013e+00 7.908859299999999593e-01
2.382086707956169391e+00 8.410659400000000119e-01
2.378686964795432957e+00 8.299075999999999675e-01
2.375296912114014170e+00 8.731531500000000445e-01
2.371916508538899571e+00 7.261281600000000225e-01
2.368545712932259573e+00 8.191472899999999724e-01
2.365184484389782238e+00 9.085423400000000038e-01
2.361832782239017270e+00 9.261401900000000298e-01
2.358490566037735992e+00 8.762062800000000040e-01
2.355157795572303314e+00 8.842731099999999733e-01
2.351834430856067915e+00 8.025242099999999601e-01
2.348520432127759516e+00 8.684322799999999454e-01
2.345215759849906156e+00 8.977314800000000261e-01
2.341920374707259889e+00 8.757388000000000394e-01
2.338634237605238475e+00 8.939979700000000307e-01
2.335357309668379067e+00 9.409826999999999497e-01
2.332089552238806096e+00 9.435884399999999728e-01
2.328830926874708940e+00 9.420614800000000066e-01
2.325581395348837344e+00 9.465828499999999757e-01
2.322340919647004398e+00 9.086013400000000351e-01
2.319109461966604613e+00 8.696207400000000032e-01
2.315886984715145758e+00 8.869029899999999467e-01
2.312673450508788253e+00 9.850308300000000239e-01
2.309468822170900548e+00 9.607539200000000390e-01
2.306273062730627377e+00 9.286849499999999535e-01
2.303086135421464675e+00 9.264708799999999966e-01
2.299908003679852708e+00 9.159539300000000273e-01
2.296738631143775855e+00 9.322903200000000057e-01
2.293577981651376163e+00 9.372620000000000395e-01
2.290426019239578448e+00 9.270096399999999681e-01
2.287282708142726495e+00 9.606450199999999606e-01
2.284148012791229032e+00 9.230895599999999757e-01
2.281021897810219023e+00 9.408233799999999869e-01
2.277904328018223179e+00 9.519337399999999727e-01
2.274795268425841677e+00 9.306266300000000102e-01
2.271694684234438988e+00 9.535678600000000449e-01
2.268602540834845804e+00 9.386546000000000056e-01
2.265518803806071624e+00 9.602929900000000130e-01
2.262443438914027105e+00 9.325936999999999699e-01
2.259376412110257526e+00 9.573608599999999802e-01
2.256317689530686010e+00 9.491795899999999619e-01
2.253267237494366970e+00 9.625400299999999909e-01
2.250225022502250205e+00 9.737521999999999567e-01
2.247191011235955216e+00 9.612228900000000520e-01
2.244165170556553068e+00 9.703422800000000015e-01
2.241147467503361579e+00 9.757825700000000158e-01
2.238137869292748494e+00 9.744812299999999761e-01
2.235136343316942220e+00 9.778490100000000185e-01
2.232142857142857206e+00 9.712002899999999661e-01
2.229157378510922882e+00 9.853303399999999712e-01
2.226179875333926805e+00 9.770938799999999702e-01
2.223210315695864914e+00 9.829193400000000302e-01
2.220248667850799329e+00 9.838379000000000429e-01
2.217294900221729481e+00 9.775670800000000327e-01
2.214348981399468563e+00 9.797951000000000299e-01
2.211410880141530200e+00 9.897570599999999663e-01
2.208480565371024884e+00 9.874423700000000137e-01
2.205558006175562635e+00 9.598189599999999988e-01
2.202643171806167199e+00 9.549307799999999791e-01
2.199736031676198689e+00 9.253746299999999758e-01
2.196836555360281107e+00 9.651016599999999723e-01
2.193944712593242752e+00 9.780880199999999469e-01
2.191060473269062392e+00 9.858636299999999908e-01
2.188183807439824768e+00 9.741777200000000247e-01
2.185314685314685423e+00 9.500542899999999680e-01
2.182453077258839080e+00 9.666797499999999488e-01
2.179598953792502236e+00 9.792378499999999653e-01
2.176752285589899749e+00 9.764950900000000100e-01
2.173913043478260754e+00 9.730719899999999978e-01
2.171081198436821680e+00 9.852162599999999548e-01
2.168256721595836822e+00 9.716178800000000448e-01
2.165439584235600012e+00 9.773613199999999779e-01
2.162629757785467177e+00 9.637095900000000048e-01
2.159827213822893999e+00 9.781690199999999447e-01
2.157031924072476237e+00 9.869895600000000435e-01
2.154243860404998046e+00 9.755443900000000390e-01
2.151462994836488729e+00 9.637025000000000174e-01
2.148689299527288377e+00 9.881353999999999971e-01
2.145922746781115720e+00 9.934981499999999688e-01
2.143163309044149312e+00 9.944386499999999796e-01
2.140410958904109595e+00 9.950391699999999728e-01
2.137665669089354292e+00 9.925923899999999911e-01
2.134927412467976016e+00 9.916218500000000269e-01
2.132196162046908317e+00 9.949711599999999656e-01
2.129471890971039283e+00 9.869424100000000477e-01
2.126754572522330911e+00 9.759744999999999671e-01
2.124044180118946468e+00 9.806326600000000449e-01
2.121340687314382745e+00 9.844469399999999926e-01
2.118644067796610297e+00 9.648287300000000233e-01
2.115954295387219464e+00 9.858918800000000537e-01
2.113271344040574817e+00 9.804348299999999794e-01
2.110595187842971843e+00 9.737483900000000192e-01
2.107925801011804268e+00 9.819151799999999986e-01
2.105263157894736725e+00 9.840067599999999803e-01
2.102607232968881412e+00 9.692918099999999759e-01
2.099958000839983185e+00 9.593548200000000525e-01
2.097315436241610875e+00 9.702609199999999712e-01
2.094679514034352596e+00 9.668549300000000013e-01
2.092050209205020828e+00 9.609971000000000485e-01
2.089427496865858824e+00 9.524732799999999777e-01
2.086811352253756358e+00 9.431016399999999633e-01
2.084201750729470781e+00 9.247731000000000146e-01
2.081598667776852540e+00 9.473756599999999528e-01
2.079002079002079117e+00 9.319215400000000482e-01
2.076411960132890311e+00 8.752681599999999618e-01
2.073828287017835059e+00 8.324361399999999911e-01
2.071251035625517822e+00 7.718272200000000360e-01
2.068680182043856064e+00 7.468638399999999455e-01
2.066115702479338623e+00 7.124909799999999960e-01
2.063557573256293853e+00 7.096363900000000058e-01
2.061005770816158211e+00 7.973848000000000047e-01
2.058460271716755940e+00 7.287656700000000320e-01
2.055921052631578760e+00 6.489464000000000343e-01
2.053388090349075767e+00 6.451280099999999740e-01
2.050861361771944225e+00 7.184774900000000519e-01
2.048340843916427900e+00 8.164400499999999727e-01
2.045826513911620292e+00 9.191718100000000335e-01
2.043318348998774070e+00 9.178472199999999637e-01
2.040816326530612290e+00 9.081656900000000254e-01
2.038320423970648054e+00 9.342668699999999715e-01
2.035830618892508159e+00 9.529002899999999832e-01
2.033346888979259859e+00 9.295910600000000246e-01
2.030869212022745618e+00 9.270630499999999996e-01
2.028397565922920975e+00 8.572315000000000351e-01
2.025931928687195960e+00 8.280530600000000074e-01
2.023472278429785387e+00 7.109661099999999845e-01
2.021018593371059158e+00 6.132687900000000081e-01
2.018570851836899660e+00 5.068346900000000321e-01
2.016129032258064502e+00 4.399014399999999769e-01
2.013693113169552795e+00 4.072848600000000263e-01
2.011263073209975882e+00 4.371199599999999741e-01
2.008838891120932058e+00 5.276308100000000056e-01
2.006420545746388395e+00 3.470911099999999805e-01
2.004008016032063910e+00 2.919119600000000259e-01
2.001601281024819823e+00 3.635549499999999878e-01
1.999200319872051157e+00 5.564619299999999935e-01
1.996805111821086332e+00 7.480149900000000462e-01
1.994415636218587862e+00 8.730212499999999709e-01
1.992031872509960166e+00 9.183269699999999647e-01
1.989653800238758485e+00 8.473404599999999620e-01
1.987281399046104902e+00 8.328216099999999900e-01
1.984914648670107251e+00 9.112347400000000430e-01
1.982553528945281585e+00 9.104988600000000210e-01
1.980198019801980180e+00 7.503125699999999565e-01
1.977848101265822889e+00 8.652644200000000341e-01
1.975503753457131584e+00 7.812082799999999772e-01
1.973164956590371055e+00 6.941353700000000293e-01
1.970831690973590788e+00 6.573821300000000090e-01
1.968503937007874072e+00 6.444405300000000114e-01
1.966181675186787325e+00 5.635180499999999926e-01
1.963864886095836537e+00 4.318168800000000140e-01
1.961553550411926139e+00 4.931289300000000209e-01
1.959247648902821215e+00 3.743758200000000258e-01
1.956947162426614373e+00 3.026119800000000026e-01
1.954652071931196167e+00 3.464089599999999880e-01
1.952362358453729074e+00 4.426884400000000164e-01
1.950078003120124803e+00 4.317548299999999784e-01
1.947798987144526706e+00 3.944678600000000035e-01
1.945525291828793746e+00 3.662426799999999871e-01
1.943256898561989798e+00 4.319588200000000211e-01
1.940993788819875832e+00 2.810622799999999977e-01
1.938735944164404756e+00 2.183886200000000055e-01
1.936483346243222270e+00 3.088614299999999924e-01
1.934235976789168365e+00 2.926381200000000016e-01
1.931993817619783727e+00 1.863451499999999872e-01
1.929756850636819676e+00 1.578321000000000029e-01
1.927525057825751675e+00 1.247261199999999959e-01
1.925298421255294601e+00 2.362986699999999884e-01
1.923076923076923128e+00 2.145587800000000045e-01
1.920860545524395002e+00 6.130722000000000255e-02
1.918649270913276972e+00 2.233848099999999892e-01
1.916443081640475388e+00 1.030300600000000066e-01
1.914241960183767244e+00 3.281875000000000070e-02
1.912045889101338325e+00 2.411044999999999855e-02
1.909854851031321576e+00 1.002553399999999983e-01
1.907668828691339247e+00 8.548319000000000056e-02
1.905487804878048808e+00 1.198086999999999937e-02
1.903311762466691981e+00 3.560627999999999710e-02
1.901140684410646431e+00 3.165271000000000057e-02
1.898974553740979898e+00 1.049746000000000012e-02
1.896813353566008997e+00 1.431557199999999863e-01
1.894657067070860235e+00 1.405475099999999866e-01
1.892505677517032581e+00 2.994638999999999981e-02
1.890359168241966037e+00 5.950595000000000190e-02
1.888217522658610203e+00 2.287004400000000048e-01
1.886080724254998175e+00 1.049698399999999948e-01
1.883948756593820661e+00 7.718447999999999976e-02
1.881821603312006097e+00 1.201608599999999943e-01
1.879699248120300759e+00 1.237836300000000056e-01
1.877581674802853984e+00 3.497386999999999718e-02
1.875468867216804281e+00 4.043579999999999744e-03
1.873360809291869655e+00 1.817679999999999903e-03
1.871257485029940160e+00 9.255300000000000376e-04
1.869158878504672883e+00 2.907139999999999898e-03
1.867064973861090271e+00 5.976755999999999736e-02
1.864975755315180894e+00 7.085373000000000365e-02
1.862891207153502204e+00 8.081228000000000022e-02
1.860811313732787520e+00 3.686426000000000286e-02
1.858736059479553893e+00 3.568419999999999925e-02
1.856665428889713976e+00 2.394011999999999876e-02
1.854599406528189887e+00 2.025924000000000127e-02
1.852537977028529070e+00 5.162343999999999961e-02
1.850481125092524159e+00 3.823093000000000324e-02
1.848428835489833721e+00 4.724719999999999961e-03
1.846381093057607004e+00 3.943917999999999729e-02
1.844337882700110676e+00 8.871539999999999981e-02
1.842299189388356684e+00 1.166574000000000083e-02
1.840264998159734988e+00 8.233580000000000759e-03
1.838235294117646967e+00 1.008189999999999954e-02
1.836210062431142154e+00 2.752860000000000203e-03
1.834189288334556078e+00 5.576559999999999850e-02
1.832172957127152779e+00 5.354249999999999982e-02
1.830161054172767310e+00 3.021454000000000154e-02
1.828153564899451577e+00 6.180672000000000249e-02
1.826150474799123513e+00 1.034910599999999958e-01
1.824151769427216241e+00 3.481922399999999862e-01
1.822157434402332354e+00 8.863571000000000644e-02
1.820167455405897305e+00 9.757936000000000387e-02
1.818181818181818121e+00 2.798715199999999848e-01
1.816200508536142344e+00 1.811524499999999926e-01
1.814223512336719857e+00 3.464024399999999781e-01
1.812250815512866930e+00 1.859239000000000031e-01
1.810282404055032490e+00 3.458426600000000239e-01
1.808318264014466603e+00 4.784572999999999743e-01
1.806358381502890076e+00 3.124966000000000133e-01
1.804402742692168937e+00 5.429998600000000009e-01
1.802451333813986922e+00 3.458083900000000210e-01
1.800504141159524618e+00 3.399605199999999883e-01
1.798561151079136611e+00 7.111369400000000507e-01
1.796622349982033739e+00 6.524040700000000026e-01
1.794687724335965573e+00 6.410121300000000133e-01
1.792757260666905772e+00 6.296186999999999756e-01
1.790830945558739229e+00 7.218830600000000208e-01
1.788908765652951649e+00 8.677623300000000262e-01
1.786990707648320242e+00 7.590956700000000001e-01
1.785076758300606858e+00 6.457588100000000164e-01
1.783166904422254007e+00 8.662849700000000430e-01
1.781261132882080434e+00 7.848810000000000509e-01
1.779359430604982251e+00 8.138052799999999642e-01
1.777461784571631620e+00 8.444553000000000198e-01
1.775568181818181879e+00 8.314957600000000282e-01
1.773678609435970221e+00 8.655836599999999770e-01
1.771793054571226156e+00 9.359624399999999511e-01
1.769911504424778848e+00 8.900929699999999833e-01
1.768033946251768018e+00 9.533273599999999570e-01
1.766160367361356398e+00 7.942694999999999617e-01
1.764290755116443288e+00 9.227679399999999532e-01
1.762425096933380342e+00 8.998286100000000287e-01
1.760563380281690238e+00 9.502904399999999585e-01
1.758705592683784680e+00 9.642732699999999602e-01
1.756851721714687287e+00 8.746413600000000343e-01
1.755001755001754926e+00 9.242671099999999473e-01
1.753155680224403934e+00 9.726113699999999751e-01
1.751313485113835444e+00 9.299328300000000436e-01
1.749475157452764273e+00 9.830761599999999767e-01
1.747640685075148470e+00 8.787199900000000063e-01
1.745810055865921750e+00 9.187918900000000555e-01
1.743983257760725492e+00 9.558812399999999654e-01
1.742160278745644497e+00 9.454498900000000150e-01
1.740341106856943876e+00 9.328442799999999702e-01
1.738525730180806583e+00 9.753567600000000448e-01
1.736714136853074075e+00 9.265289899999999967e-01
1.734906315058986737e+00 9.632471799999999806e-01
1.733102253032928974e+00 9.441966999999999999e-01
1.731301939058171646e+00 9.455234399999999928e-01
1.729505361466620483e+00 9.721060400000000046e-01
1.727712508638562516e+00 9.727313499999999946e-01
1.725923369002416274e+00 9.680343300000000539e-01
1.724137931034482651e+00 9.361491199999999457e-01
1.722356183258697992e+00 9.552671299999999643e-01
1.720578114246386736e+00 9.564138100000000309e-01
1.718803712616019164e+00 9.895849799999999474e-01
1.717032967032966928e+00 9.805285900000000332e-01
1.715265866209262358e+00 9.622371199999999458e-01
1.713502398903358426e+00 9.698744400000000043e-01
1.711742553919890497e+00 9.864778499999999894e-01
1.709986320109439184e+00 9.761274500000000076e-01
1.708233686368295201e+00 9.550530299999999695e-01
1.706484641638225330e+00 9.742017400000000382e-01
1.704739174906239274e+00 9.826497400000000493e-01
1.702997275204359617e+00 9.829873999999999556e-01
1.701258931609390901e+00 9.774136500000000227e-01
1.699524133242692026e+00 9.820230599999999477e-01
1.697792869269949101e+00 9.754875899999999600e-01
1.696065128900949848e+00 9.804323299999999630e-01
1.694340901389359555e+00 9.850357199999999480e-01
1.692620176032498369e+00 9.862645300000000281e-01
1.690902942171119472e+00 9.727211000000000052e-01
1.689189189189189255e+00 9.875277900000000164e-01
1.687478906513668608e+00 9.835893500000000289e-01
1.685772083614295314e+00 9.896276600000000201e-01
1.684068710003368219e+00 9.764202800000000293e-01
1.682368775235531633e+00 9.908680300000000107e-01
1.680672268907563049e+00 9.840408600000000172e-01
1.678979180658159764e+00 9.884690600000000105e-01
1.677289500167729042e+00 9.817811300000000019e-01
1.675603217158176950e+00 9.864922200000000307e-01
1.673920321392701638e+00 9.856679999999999886e-01
1.672240802675585281e+00 9.894724499999999479e-01
1.670564650851988020e+00 9.877954700000000088e-01
1.668891855807743685e+00 9.870915999999999579e-01
1.667222407469156398e+00 9.694671599999999945e-01
1.665556295802798070e+00 9.326178999999999997e-01
1.663893510815307897e+00 9.878014299999999803e-01
1.662234042553191404e+00 9.843170599999999659e-01
1.660577881102623721e+00 9.884484399999999837e-01
1.658925016589250179e+00 9.878712899999999575e-01
1.657275439177991361e+00 9.846045399999999725e-01
1.655629139072847700e+00 9.836737500000000134e-01
1.653986106516705190e+00 9.752311700000000361e-01
1.652346331791143319e+00 9.791017800000000326e-01
1.650709805216242998e+00 9.676514899999999475e-01
1.649076517150395826e+00 9.734006499999999784e-01
1.647446457990115354e+00 9.768454399999999538e-01
1.645819618169848564e+00 9.694952999999999488e-01
1.644195988161788913e+00 9.777811800000000275e-01
1.642575558475689812e+00 9.692637899999999584e-01
1.640958319658680775e+00 9.751248399999999927e-01
1.639344262295082011e+00 9.798512499999999514e-01
1.637733377006223456e+00 9.797879499999999631e-01
1.636125654450261813e+00 9.855670300000000106e-01
1.634521085322000689e+00 9.862399099999999974e-01
1.632919660352710745e+00 9.853789200000000470e-01
1.631321370309951169e+00 9.876629099999999495e-01
1.629726205997392485e+00 9.884500499999999690e-01
1.628134158254640251e+00 9.884490400000000010e-01
1.626545217957059197e+00 9.893584300000000109e-01
1.624959376015599588e+00 9.895852200000000432e-01
1.623376623376623362e+00 9.897242200000000434e-01
1.621796951021732047e+00 9.896304000000000212e-01
1.620220349967595563e+00 9.892091200000000528e-01
1.618646811265781915e+00 9.872791800000000340e-01
1.617076326002587328e+00 9.858092699999999597e-01
1.615508885298869046e+00 9.829950899999999603e-01
1.613944480309877250e+00 9.761954499999999646e-01
1.612383102225088738e+00 9.643305500000000086e-01
1.610824742268041287e+00 9.502866899999999895e-01
1.609269391696170004e+00 9.367422499999999985e-01
1.607717041800643010e+00 9.381422400000000161e-01
1.606167683906199795e+00 9.669871899999999965e-01
1.604621309370988458e+00 9.486076199999999847e-01
1.603077909586405836e+00 9.209483899999999501e-01
1.601537475976937852e+00 9.226841900000000152e-01
1.600000000000000089e+00 9.541704699999999928e-01
1.598465473145780136e+00 9.782347700000000312e-01
1.596933886937080826e+00 9.871901899999999674e-01
1.595405232929163919e+00 9.892307500000000475e-01
1.593879502709595108e+00 9.893872700000000409e-01
1.592356687898089262e+00 9.890956300000000034e-01
1.590836780146356988e+00 9.893259399999999593e-01
1.589319771137952975e+00 9.899215700000000284e-01
1.587805652588123229e+00 9.888603700000000440e-01
1.586294416243654748e+00 9.867613899999999605e-01
1.584786053882725865e+00 9.844449800000000250e-01
1.583280557314756143e+00 9.762303799999999532e-01
1.581777918380259385e+00 9.658909399999999756e-01
1.580278128950695304e+00 9.535676800000000286e-01
1.578781180928323424e+00 9.356806899999999816e-01
1.577287066246056746e+00 9.395189900000000538e-01
1.575795776867318088e+00 9.644020199999999710e-01
1.574307304785894202e+00 9.459134900000000234e-01
1.572821642025794331e+00 9.171692099999999570e-01
1.571338780641106325e+00 9.155016499999999446e-01
1.569858712715855642e+00 9.501869099999999957e-01
1.568381430363864570e+00 9.795264599999999877e-01
1.566906925728611677e+00 9.875720099999999446e-01
1.565435190983093250e+00 9.890009199999999501e-01
1.563966218329684077e+00 9.887438400000000405e-01
1.562500000000000000e+00 9.881710999999999689e-01
1.561036528254761135e+00 9.892124500000000209e-01
1.559575795383655539e+00 9.890918699999999841e-01
1.558117793705204202e+00 9.892180600000000101e-01
1.556662515566625160e+00 9.891287699999999905e-01
1.555209953343701379e+00 9.891722800000000149e-01
1.553760099440646414e+00 9.889475699999999980e-01
1.552312946289972073e+00 9.876849699999999954e-01
1.550868486352357412e+00 9.885608000000000173e-01
1.549426712116516835e+00 9.891623299999999785e-01
1.547987616099071317e+00 9.886325000000000252e-01
1.546551190844416945e+00 9.871802299999999919e-01
1.545117428924598357e+00 9.860363599999999451e-01
1.543686322939178845e+00 9.839578300000000333e-01
1.542257865515114235e+00 9.812540400000000496e-01
1.540832049306625651e+00 9.805448100000000444e-01
1.539408866995073843e+00 9.808513500000000107e-01
1.537988311288834176e+00 9.838119100000000117e-01
1.536570374923171389e+00 9.795872599999999597e-01
1.535155050660116594e+00 9.744307399999999619e-01
1.533742331288343586e+00 9.790388899999999950e-01
1.532332209623046282e+00 9.811093199999999515e-01
1.530924678505817482e+00 9.772834799999999822e-01
1.529519730804527411e+00 9.782233799999999757e-01
1.528117359413202925e+00 9.789937100000000170e-01
1.526717557251908497e+00 9.686548699999999457e-01
1.525320317266626091e+00 9.706860200000000383e-01
1.523925632429137478e+00 9.780051699999999792e-01
1.522533495736906106e+00 9.806736700000000528e-01
1.521143900212960087e+00 9.759131100000000281e-01
1.519756838905775176e+00 9.594090600000000357e-01
1.518372304889158864e+00 9.497948299999999788e-01
1.516990291262136026e+00 9.434096199999999488e-01
1.515610791148833014e+00 9.612392199999999498e-01
1.514233797698364636e+00 9.385869500000000309e-01
1.512859304084720025e+00 9.345229299999999739e-01
1.511487303506650504e+00 9.618807400000000118e-01
1.510117789187556570e+00 9.546989200000000064e-01
1.508750754375377090e+00 8.681061300000000314e-01
1.507386192342478060e+00 9.450431500000000540e-01
1.506024096385542244e+00 9.559676099999999677e-01
1.504664459825458822e+00 8.413258200000000020e-01
1.503307276007215920e+00 8.495207399999999964e-01
1.501952538299789808e+00 9.128158100000000053e-01
1.500600240096038318e+00 9.491140200000000027e-01
1.499250374812593600e+00 8.925252599999999870e-01
1.497902935889754428e+00 8.811652100000000321e-01
1.496557916791379839e+00 8.260205999999999937e-01
1.495215311004784775e+00 8.150308099999999945e-01
1.493875112040633502e+00 8.734103399999999517e-01
1.492537313432835910e+00 8.209111700000000234e-01
1.491201908738443160e+00 8.221005200000000013e-01
1.489868891537544648e+00 8.255240299999999642e-01
1.488538255433164537e+00 7.632694799999999447e-01
1.487209994051160056e+00 6.141784200000000027e-01
1.485884101040118921e+00 7.054135799999999845e-01
1.484560570071258967e+00 6.861011999999999666e-01
1.483239394838326897e+00 7.909504800000000113e-01
1.481920569057498582e+00 6.112397899999999495e-01
1.480604086467278702e+00 5.703780099999999909e-01
1.479289940828402372e+00 6.464080800000000515e-01
1.477978125923736341e+00 5.812897099999999595e-01
1.476668635558180842e+00 5.850434899999999994e-01
1.475361463558571895e+00 7.296449499999999588e-01
1.474056603773584939e+00 6.919027599999999500e-01
1.472754050073637799e+00 5.176491100000000234e-01
1.471453796350794541e+00 4.482258599999999760e-01
1.470155836518670878e+00 4.373038699999999834e-01
1.468860164512338473e+00 6.497907600000000228e-01
1.467566774288230125e+00 5.523719200000000162e-01
1.466275659824046951e+00 4.817079899999999748e-01
1.464986815118664021e+00 6.421561199999999969e-01
1.463700234192037541e+00 6.474178400000000222e-01
1.462415911085112707e+00 6.593309600000000215e-01
1.461133839859731109e+00 6.274049900000000513e-01
1.459854014598540140e+00 6.839990000000000236e-01
1.458576429404900843e+00 7.910197399999999712e-01
1.457301078402797989e+00 6.818320199999999831e-01
1.456027955736750146e+00 6.351620000000000044e-01
1.454757055571719526e+00 6.292855699999999608e-01
1.453488372093023173e+00 7.081849000000000061e-01
1.452221899506244585e+00 5.512225600000000281e-01
1.450957632037144451e+00 2.742783699999999936e-01
1.449695563931574283e+00 5.033197400000000155e-01
1.448435689455388253e+00 6.759374099999999608e-01
1.447178002894355942e+00 5.197666300000000073e-01
1.445922498554077507e+00 3.156209300000000217e-01
1.444669170759895982e+00 5.053002199999999666e-01
1.443418013856812898e+00 5.373748499999999595e-01
1.442169022209403018e+00 4.301535200000000114e-01
1.440922190201729070e+00 4.725344499999999948e-01
1.439677512237258927e+00 4.097105899999999856e-01
1.438434982738780121e+00 4.045936500000000269e-01
1.437194596148318571e+00 3.051489299999999849e-01
1.435956346927053318e+00 4.369071400000000271e-01
1.434720229555236815e+00 3.336973799999999879e-01
1.433486238532110102e+00 4.080125700000000188e-01
1.432254368375823539e+00 1.856748599999999971e-01
1.431024613623354425e+00 4.401157800000000120e-01
1.429796968830426174e+00 5.429066999999999643e-01
1.428571428571428603e+00 3.004038299999999828e-01
1.427347987439337773e+00 3.550219499999999750e-01
1.426126640045636051e+00 4.316073400000000060e-01
1.424907381020233732e+00 3.819999399999999823e-01
1.423690205011389542e+00 2.587311899999999998e-01
1.422475106685632928e+00 4.199692899999999951e-01
1.421262080727686117e+00 3.653721200000000224e-01
1.420051121840386177e+00 2.054944800000000071e-01
1.418842224744608416e+00 1.904871200000000098e-01
1.417635384179189106e+00 3.017732200000000087e-01
1.416430594900849771e+00 4.531835599999999853e-01
1.415227851684121241e+00 1.556028000000000133e-01
1.414027149321267052e+00 1.396107699999999952e-01
1.412828482622209725e+00 3.543633800000000056e-01
1.411631846414455049e+00 2.168005100000000018e-01
1.410437235543018364e+00 1.676487899999999920e-01
1.409244644870349505e+00 7.269108999999999987e-02
1.408054069276260201e+00 1.947298500000000099e-01
1.406865503657850347e+00 1.092995799999999934e-01
1.405678942929434960e+00 1.554759599999999964e-01
1.404494382022472010e+00 4.050580000000000153e-02
1.403311815885489811e+00 2.047674100000000108e-01
1.402131239484015746e+00 1.970133000000000023e-01
1.400952647800504325e+00 8.652180000000000634e-03
1.399776035834266574e+00 3.717002999999999974e-02
1.398601398601398538e+00 2.067055899999999946e-01
1.397428731134712221e+00 1.539625699999999930e-01
1.396258028483663871e+00 1.098672000000000017e-02
1.395089285714285809e+00 1.994614000000000109e-02
1.393922497909116265e+00 1.082893999999999940e-01
1.392757660167130984e+00 5.344782000000000005e-02
1.391594767603673732e+00 9.824370999999999798e-02
1.390433815350389235e+00 1.518472299999999997e-01
1.389274798555154122e+00 1.742275399999999863e-01
1.388117712382010094e+00 5.466986000000000068e-02
1.386962552011095751e+00 1.123302999999999940e-01
1.385809312638580870e+00 3.293519000000000307e-02
1.384657989476599349e+00 2.925923000000000065e-02
1.383508577753182145e+00 1.082632000000000039e-02
1.382361072712192440e+00 1.466904999999999945e-02
1.381215469613259694e+00 2.554980000000000098e-02
1.380071763731714141e+00 6.582860999999999574e-02
1.378929950358521728e+00 7.540993000000000002e-02
1.377790024800220392e+00 1.923700299999999974e-01
1.376651982378854555e+00 7.862323999999999702e-02
1.375515818431912063e+00 1.364922100000000027e-01
1.374381528312259571e+00 8.459141000000000576e-02
1.373249107388080148e+00 7.954751000000000183e-02
1.372118551042809997e+00 3.910678000000000071e-02
1.370989854675075392e+00 9.651919999999999597e-03
1.369863013698630061e+00 2.205812000000000050e-02
1.368738023542293902e+00 1.273118999999999987e-02
1.367614879649890591e+00 7.978539999999999244e-03
1.366493577480185850e+00 6.834432000000000007e-02
1.365374112506826831e+00 1.845416999999999891e-02
1.364256480218281053e+00 1.620604999999999962e-02
1.363140676117775341e+00 3.636384000000000144e-02
1.362026695723236092e+00 4.673599999999999977e-04
1.360914534567229106e+00 9.999789999999999721e-03
1.359804188196899633e+00 2.449843000000000159e-02
1.358695652173913082e+00 2.607148999999999925e-02
1.357588922074395965e+00 3.100442999999999949e-02
1.356483993488876827e+00 9.200173999999999852e-02
1.355380862022228294e+00 3.360145999999999966e-02
1.354279523293607790e+00 6.501571000000000433e-02
1.353179972936400466e+00 9.426798999999999595e-02
1.352082206598161251e+00 1.793099599999999905e-01
1.350986219940556676e+00 2.213552599999999981e-01
1.349892008639308916e+00 3.330629199999999845e-01
1.348799568384138059e+00 3.364731100000000197e-01
1.347708894878706154e+00 3.460054399999999974e-01
1.346619983840560142e+00 5.135513499999999620e-01
1.345532831001076346e+00 6.023811100000000529e-01
1.344447432105404738e+00 4.780954099999999984e-01
1.343363782912412763e+00 6.778490499999999530e-01
1.342281879194630934e+00 7.633152600000000509e-01
1.341201716738197325e+00 7.218838300000000041e-01
1.340123291342803613e+00 6.840517499999999584e-01
1.339046598821638900e+00 7.977073199999999975e-01
1.337971635001337978e+00 7.006182100000000190e-01
1.336898395721925148e+00 7.281780799999999498e-01
1.335826876836762045e+00 7.696328799999999637e-01
1.334757074212493233e+00 8.072847100000000164e-01
1.333688983728994470e+00 7.229247100000000259e-01
1.332622601279317642e+00 7.266312799999999905e-01
1.331557922769640578e+00 6.845295999999999603e-01
1.330494944119212430e+00 7.728213699999999520e-01
1.329433661260303046e+00 7.747299100000000216e-01
1.328374070138151009e+00 7.592261999999999622e-01
1.327316166710910572e+00 8.523917800000000433e-01
1.326259946949602142e+00 8.827595700000000489e-01
1.325205406838059874e+00 8.890006499999999479e-01
1.324152542372881269e+00 8.585850600000000110e-01
1.323101349563376550e+00 8.389596299999999562e-01
1.322051824431517808e+00 8.817662000000000555e-01
1.321003963011889049e+00 8.729276099999999650e-01
1.319957761351636671e+00 8.393677499999999680e-01
1.318913215510419512e+00 8.598236999999999686e-01
1.317870321560358438e+00 9.263853399999999461e-01
1.316829075585988829e+00 9.068576699999999491e-01
1.315789473684210620e+00 9.112239500000000048e-01
1.314751511964238784e+00 8.913666599999999773e-01
1.313715186547556479e+00 8.545172800000000457e-01
1.312680493567865536e+00 9.029598800000000480e-01
1.311647429171038715e+00 9.513105800000000167e-01
1.310615989515072188e+00 8.915345700000000262e-01
1.309586170770036695e+00 9.058026099999999525e-01
1.308557969118032016e+00 9.420077199999999928e-01
1.307531380753138128e+00 9.211896699999999605e-01
1.306506401881369239e+00 9.127456499999999640e-01
1.305483028720626715e+00 9.611464699999999750e-01
1.304461257500652227e+00 9.093180899999999678e-01
1.303441084462982236e+00 9.175986099999999812e-01
1.302422505860901358e+00 9.541947200000000517e-01
1.301405517959396185e+00 9.575097599999999876e-01
1.300390117035110427e+00 9.343569299999999744e-01
1.299376299376299393e+00 9.543804500000000468e-01
1.298364061282783588e+00 9.720811799999999891e-01
1.297353399065905633e+00 9.474264399999999808e-01
1.296344309048483190e+00 9.650296600000000113e-01
1.295336787564766778e+00 9.629102899999999465e-01
1.294330830960393586e+00 9.725983700000000454e-01
1.293326435592343504e+00 9.740295399999999715e-01
1.292323597828896276e+00 9.655852900000000405e-01
1.291322314049586861e+00 9.684146000000000143e-01
1.290322580645161255e+00 9.754045599999999760e-01
1.289324394017534736e+00 9.693930699999999678e-01
1.288327750579747466e+00 9.685203999999999480e-01
1.287332646755921628e+00 9.733694800000000091e-01
1.286339078981219464e+00 9.739050900000000288e-01
1.285347043701799530e+00 9.746616500000000460e-01
1.284356537374775176e+00 9.691317699999999480e-01
1.283367556468172577e+00 9.719654300000000191e-01
1.282380097460887436e+00 9.685040099999999708e-01
1.281394156842644794e+00 9.690811599999999970e-01
1.280409731113956395e+00 9.593688799999999794e-01
1.279426816786079835e+00 9.602122299999999999e-01
1.278445410380976810e+00 9.514178599999999486e-01
1.277465508431272267e+00 9.505487099999999634e-01
1.276487107480214434e+00 9.374343800000000115e-01
1.275510204081632626e+00 9.414863599999999666e-01
1.274534794799897952e+00 9.278954299999999655e-01
1.273560876209882897e+00 9.240048499999999887e-01
1.272588444896920246e+00 9.154926500000000189e-01
1.271617497456765111e+00 9.217793899999999763e-01
1.270648030495552749e+00 9.110750600000000476e-01
1.269680040629761253e+00 8.416765899999999467e-01
1.268713524486170918e+00 7.029673499999999908e-01
1.267748478701825610e+00 8.870407900000000234e-01
1.266784899923993013e+00 8.844185500000000255e-01
1.265822784810126667e+00 8.768580000000000263e-01
1.264862130027826881e+00 8.781824099999999689e-01
1.263902932254802769e+00 8.831312100000000553e-01
1.262945188178832945e+00 8.907434899999999711e-01
1.261988894497728442e+00 9.053387000000000517e-01
1.261034047919293855e+00 9.168645699999999898e-01
1.260080645161290258e+00 9.364448199999999556e-01
1.259128682951397682e+00 9.361885800000000479e-01
1.258178158027176696e+00 9.552600399999999770e-01
1.257229067136032219e+00 9.492927199999999788e-01
1.256281407035175990e+00 9.573827999999999783e-01
1.255335174491589267e+00 9.585908699999999838e-01
1.254390366281986857e+00 9.582148799999999911e-01
1.253446979192780253e+00 9.648401100000000286e-01
1.252505010020040110e+00 9.633224000000000231e-01
1.251564455569461831e+00 9.674804200000000076e-01
1.250625312656328258e+00 9.684298000000000073e-01
1.249687578105473706e+00 9.692676099999999462e-01
1.248751248751248655e+00 9.707400800000000052e-01
1.247816321437484444e+00 9.711372299999999624e-01
1.246882793017456414e+00 9.723871400000000387e-01
1.245950660353849937e+00 9.732413899999999840e-01
1.245019920318725104e+00 9.735621800000000547e-01
1.244090569793480983e+00 9.735781599999999703e-01
1.243162605668821419e+00 9.745097799999999921e-01
1.242236024844720399e+00 9.747450399999999515e-01
1.241310824230387189e+00 9.742046599999999446e-01
1.240387000744232138e+00 9.742650400000000266e-01
1.239464551313832485e+00 9.756760599999999561e-01
1.238543472875897944e+00 9.750155200000000244e-01
1.237623762376237613e+00 9.753142000000000200e-01
1.236705416769725341e+00 9.735243900000000172e-01
1.235788433020266863e+00 9.753364900000000004e-01
1.234872808100765607e+00 9.752777799999999830e-01
1.233958538993089826e+00 9.747312700000000385e-01
1.233045622688039522e+00 9.682617199999999924e-01
1.232134056185312909e+00 9.744450999999999530e-01
1.231223836493474444e+00 9.748322999999999849e-01
1.230314960629921295e+00 9.724230200000000268e-01
1.229407425620850702e+00 9.672335399999999472e-01
1.228501228501228448e+00 9.728538399999999697e-01
1.227596366314755771e+00 9.642478199999999777e-01
1.226692836113837171e+00 9.574922300000000552e-01
1.225790634959548875e+00 9.669956600000000346e-01
1.224889759921607091e+00 9.662721800000000361e-01
1.223990208078335362e+00 9.590936899999999987e-01
1.223091976516634150e+00 9.540631200000000423e-01
1.222195062331948190e+00 9.538034800000000368e-01
1.221299462628236521e+00 9.556333999999999662e-01
1.220405174517940061e+00 9.605343899999999602e-01
1.219512195121951192e+00 9.548938900000000229e-01
1.218620521569583337e+00 9.556844799999999474e-01
1.217730150998538763e+00 9.646074799999999616e-01
1.216841080554879495e+00 9.509229700000000340e-01
1.215953307392996008e+00 9.642572400000000155e-01
1.215066828675577248e+00 9.395220899999999764e-01
1.214181641573579329e+00 9.374287700000000223e-01
1.213297743266197548e+00 9.648759999999999559e-01
1.212415130940834196e+00 9.386385699999999499e-01
1.211533801793070131e+00 9.238817700000000466e-01
1.210653753026634361e+00 9.592943800000000021e-01
1.209774981853375175e+00 9.372425100000000286e-01
1.208897485493230173e+00 9.368709899999999591e-01
1.208021261174196725e+00 9.336535900000000332e-01
1.207146306132303337e+00 9.325207500000000094e-01
1.206272617611580111e+00 9.552148000000000305e-01
1.205400192864030773e+00 9.364134699999999700e-01
1.204529029149602470e+00 9.199512600000000484e-01
1.203659123736158021e+00 8.631294999999999940e-01
1.202790473899446821e+00 9.533371899999999455e-01
1.201923076923076872e+00 9.162907599999999819e-01
1.201056930098486575e+00 9.299772400000000383e-01
1.200192030724916092e+00 9.405186800000000513e-01
1.199328376109378702e+00 9.141310999999999742e-01
1.198465963566634818e+00 9.226149300000000553e-01
1.197604790419161569e+00 9.267203800000000102e-01
1.196744853997127711e+00 9.571822899999999912e-01
1.195886151638364092e+00 9.348398399999999775e-01
1.195028680688336564e+00 9.356492199999999482e-01
1.194172438500119338e+00 9.538657099999999778e-01
1.193317422434367447e+00 9.274768799999999480e-01
1.192463629859289220e+00 9.587055399999999672e-01
1.191611058150619629e+00 9.434824600000000228e-01
1.190759704691593202e+00 9.301349500000000159e-01
1.189909566872917601e+00 9.492359799999999792e-01
1.189060642092746756e+00 9.274331900000000184e-01
1.188212927756653992e+00 8.542118100000000158e-01
1.187366421277606277e+00 9.028341800000000417e-01
1.186521120075937352e+00 9.426552700000000451e-01
1.185677021579321755e+00 9.467307900000000442e-01
1.184834123222748836e+00 8.801562200000000447e-01
1.183992422448496340e+00 9.187513000000000485e-01
1.183151916706105089e+00 9.518235900000000527e-01
1.182312603452352784e+00 8.409629499999999869e-01
1.181474480151228690e+00 8.628227099999999927e-01
1.180637544273907880e+00 9.552715400000000301e-01
1.179801793298725920e+00 9.125645199999999901e-01
1.178967224711153117e+00 9.439573900000000073e-01
1.178133836003770085e+00 8.870078300000000526e-01
1.177301624676241998e+00 8.905172900000000169e-01
1.176470588235294157e+00 9.679870600000000103e-01
1.175640724194686015e+00 9.240305399999999558e-01
1.174812030075187863e+00 9.308414499999999592e-01
1.173984503404555069e+00 8.327215300000000431e-01
1.173158141717503433e+00 9.250477599999999967e-01
1.172332942555685875e+00 9.180458799999999808e-01
1.171508903467666451e+00 9.418333199999999739e-01
1.170686022008897265e+00 9.164699899999999566e-01
1.169864295741694038e+00 9.342561999999999811e-01
1.169043722235211691e+00 9.252145299999999795e-01
1.168224299065420579e+00 9.084084000000000048e-01
1.167406023815082960e+00 9.187436700000000123e-01
1.166588894073728344e+00 8.916020999999999530e-01
1.165772907437631067e+00 8.486211900000000252e-01
1.164958061509785647e+00 8.854068499999999675e-01
1.164144353899883688e+00 9.126277000000000417e-01
1.163331782224290345e+00 9.216116699999999939e-01
1.162520344106021897e+00 8.640599799999999497e-01
1.161710037174721100e+00 8.686444199999999727e-01
1.160900859066635649e+00 8.372409299999999943e-01
1.160092807424593975e+00 7.980955199999999472e-01
1.159285879897982818e+00 8.126878699999999789e-01
1.158480074142724803e+00 8.232289600000000096e-01
1.157675387821254898e+00 7.664979100000000045e-01
1.156871818602498880e+00 8.244925699999999802e-01
1.156069364161849800e+00 7.665563199999999577e-01
1.155268022181145993e+00 7.768827099999999763e-01
1.154467790348649325e+00 6.864422000000000024e-01
1.153668666359021655e+00 7.084085900000000047e-01
1.152870647913304181e+00 6.696955599999999675e-01
1.152073732718893906e+00 6.624247399999999564e-01
1.151277918489523433e+00 6.971198899999999643e-01
1.150483202945236982e+00 7.075754400000000555e-01
1.149689583812370630e+00 5.713807899999999718e-01
1.148897058823529438e+00 6.709227599999999514e-01
1.148105625717565914e+00 7.864278599999999786e-01
1.147315282239559364e+00 4.865649599999999908e-01
1.146526026140793464e+00 5.144260499999999681e-01
1.145737855178735165e+00 6.358407099999999756e-01
1.144950767117014045e+00 5.758623499999999673e-01
1.144164759725400549e+00 5.276348600000000388e-01
1.143379830779785111e+00 7.943476400000000215e-01
1.142595978062157291e+00 7.724580199999999675e-01
1.141813199360584674e+00 7.134758799999999512e-01
1.141031492469192221e+00 6.550277500000000197e-01
1.140250855188141399e+00 7.434369299999999958e-01
1.139471285323609751e+00 8.205273699999999781e-01
1.138692780687770467e+00 6.951965700000000137e-01
1.137915339098771073e+00 7.164540299999999640e-01
1.137138958380714104e+00 7.918087200000000214e-01
1.136363636363636465e+00 6.202556500000000472e-01
1.135589370883488547e+00 5.067385399999999596e-01
1.134816159782115363e+00 1.602005999999999986e-01
1.134044000907235228e+00 3.459163299999999941e-01
1.133272892112420660e+00 5.257533800000000479e-01
1.132502831257078180e+00 6.688880900000000462e-01
1.131733816206428322e+00 7.717933700000000341e-01
1.130965844831486100e+00 7.926610699999999676e-01
1.130198915009041682e+00 5.388256300000000554e-01
1.129433024621639969e+00 4.919118299999999944e-01
1.128668171557562161e+00 5.798920400000000530e-01
1.127904353710805330e+00 4.771850400000000048e-01
1.127141568981063990e+00 6.229121100000000189e-01
1.126379815273710339e+00 5.345089400000000435e-01
1.125619090499774932e+00 3.216854900000000184e-01
1.124859392575928041e+00 6.412140100000000009e-01
1.124100719424460326e+00 5.619790000000000063e-01
1.123343068973264414e+00 5.664808199999999960e-01
1.122586439155814908e+00 3.371095100000000011e-01
1.121830827911151074e+00 4.816839399999999771e-01
1.121076233183856408e+00 6.771952500000000263e-01
1.120322652924042206e+00 5.621694299999999700e-01
1.119570085087326472e+00 5.603193600000000441e-01
1.118818527634817706e+00 5.431437500000000362e-01
1.118067978533094919e+00 7.004757499999999526e-01
1.117318435754189876e+00 5.637322700000000353e-01
1.116569897275569545e+00 4.527175099999999897e-01
1.115822361080116121e+00 6.898471099999999856e-01
1.115075825156110589e+00 6.480981700000000290e-01
1.114330287497214078e+00 8.346480699999999642e-01
1.113585746102449869e+00 6.798774600000000445e-01
1.112842198976185193e+00 7.664878999999999998e-01
1.112099644128113907e+00 8.784710799999999598e-01
1.111358079573238511e+00 8.151679600000000248e-01
1.110617503331852607e+00 8.224304900000000140e-01
1.109877913429522689e+00 9.114269600000000082e-01
1.109139307897071935e+00 8.863080700000000034e-01
1.108401684770560891e+00 8.436183299999999718e-01
1.107665042091271701e+00 9.068124300000000027e-01
1.106929377905689682e+00 9.140535600000000427e-01
1.106194690265486669e+00 8.548108899999999899e-01
1.105460977227503916e+00 9.110615800000000375e-01
1.104728236853733891e+00 8.977991300000000008e-01
1.103996467211304955e+00 9.108155399999999791e-01
1.103265666372462483e+00 9.115955199999999925e-01
1.102535832414553552e+00 8.941570500000000088e-01
1.101806963420008723e+00 9.174757000000000051e-01
1.101079057476326728e+00 9.152255700000000438e-01
1.100352112676056260e+00 9.241447400000000201e-01
1.099626127116780205e+00 9.023953700000000300e-01
1.098901098901098994e+00 9.342427300000000212e-01
1.098177026136613277e+00 9.322281500000000332e-01
1.097453906935908607e+00 9.483111499999999916e-01
1.096731739416538787e+00 9.632037900000000041e-01
1.096010521701008322e+00 9.221354099999999887e-01
1.095290251916757995e+00 9.488501000000000296e-01
1.094570928196147097e+00 9.437126500000000418e-01
1.093852548676438330e+00 9.614352000000000453e-01
1.093135111499781376e+00 9.437536600000000497e-01
1.092418614813196465e+00 9.299388499999999835e-01
1.091703056768559055e+00 9.711982599999999799e-01
1.090988435522583400e+00 9.632548100000000169e-01
1.090274749236807672e+00 9.439673400000000436e-01
1.089561996077576866e+00 9.556096200000000485e-01
1.088850174216027922e+00 9.626789100000000543e-01
1.088139281828073957e+00 9.679094000000000309e-01
1.087429317094388947e+00 9.643977900000000325e-01
1.086720278200391299e+00 9.542608900000000283e-01
1.086012163336229408e+00 9.356329399999999685e-01
1.085304970696765681e+00 9.679862900000000270e-01
1.084598698481561874e+00 9.645836899999999936e-01
1.083893344894862443e+00 9.576918500000000112e-01
1.083188908145580553e+00 9.624618900000000421e-01
1.082485386447282982e+00 9.711292400000000047e-01
1.081782778018173907e+00 9.636044499999999458e-01
1.081081081081081141e+00 9.640846800000000272e-01
1.080380293863439922e+00 9.584683800000000087e-01
1.079680414597279148e+00 9.670769599999999855e-01
1.078981441519205831e+00 9.710052599999999812e-01
1.078283372870390444e+00 9.688158599999999732e-01
1.077586206896551824e+00 9.578884800000000421e-01
1.076889941847943177e+00 9.681277900000000436e-01
1.076194575979336987e+00 9.696905599999999792e-01
1.075500107550010798e+00 9.698138200000000486e-01
1.074806534823731674e+00 9.602093699999999510e-01
1.074113856068743322e+00 9.683682300000000520e-01
1.073422069557750103e+00 9.685925199999999569e-01
1.072731173567903928e+00 9.654708499999999916e-01
1.072041166380788946e+00 9.653998599999999985e-01
1.071352046282408432e+00 9.665946399999999494e-01
1.070663811563169254e+00 9.655936400000000308e-01
1.069976460517868544e+00 9.632718000000000114e-01
1.069289991445680155e+00 9.629416499999999823e-01
1.068604402650138896e+00 9.629072499999999923e-01
1.067919692439128543e+00 9.610754799999999820e-01
1.067235859124866515e+00 9.614403799999999833e-01
1.066552901023890776e+00 9.617584300000000530e-01
1.065870816457045400e+00 9.613443000000000405e-01
1.065189603749467473e+00 9.610904500000000406e-01
1.064509261230572656e+00 9.613028799999999707e-01
1.063829787234042534e+00 9.622304400000000202e-01
1.063151180097809956e+00 9.624941900000000272e-01
1.062473438164045936e+00 9.626606699999999961e-01
1.061796559779146332e+00 9.635318499999999675e-01
1.061120543293718077e+00 9.636831300000000544e-01
1.060445387062566303e+00 9.639946799999999927e-01
1.059771089444679903e+00 9.642679100000000059e-01
1.059097648803219549e+00 9.644913699999999590e-01
1.058425063505503916e+00 9.650182099999999874e-01
1.057753331922995477e+00 9.655607299999999782e-01
1.057082452431289621e+00 9.660840600000000222e-01
1.056412423410099333e+00 9.666259900000000460e-01
1.055743243243243201e+00 9.670437600000000300e-01
1.055074910318632542e+00 9.675017000000000200e-01
1.054407423028258073e+00 9.678457400000000099e-01
1.053740779768177038e+00 9.681355999999999851e-01
1.053074978938500328e+00 9.683717499999999756e-01
1.052410018943380265e+00 9.685076500000000532e-01
1.051745898190997064e+00 9.687451700000000443e-01
1.051082615093546391e+00 9.690619700000000503e-01
1.050420168067226934e+00 9.691122800000000481e-01
1.049758555532227522e+00 9.688053100000000306e-01
1.049097775912715136e+00 9.691249100000000061e-01
1.048437827636821140e+00 9.697202400000000111e-01
1.047778709136630404e+00 9.698020200000000424e-01
1.047120418848167533e+00 9.698666900000000313e-01
1.046462955211385548e+00 9.699160500000000296e-01
1.045806316670152780e+00 9.699628399999999928e-01
1.045150501672240884e+00 9.700123099999999887e-01
1.044495508669312622e+00 9.700561199999999662e-01
1.043841336116910323e+00 9.700870499999999508e-01
1.043187982474441888e+00 9.701039200000000085e-01
1.042535446205171024e+00 9.701145899999999989e-01
1.041883725776203473e+00 9.701102999999999810e-01
1.041232819658475695e+00 9.700571900000000136e-01
1.040582726326742868e+00 9.700055100000000152e-01
1.039933444259567352e+00 9.700473499999999749e-01
1.039284971939305802e+00 9.700342400000000476e-01
1.038637307852098068e+00 9.699909100000000395e-01
1.037990450487855432e+00 9.700480700000000400e-01
1.037344398340249052e+00 9.698935699999999827e-01
1.036699149906697093e+00 9.699047200000000535e-01
1.036054703688354728e+00 9.698454699999999873e-01
1.035411058190101485e+00 9.700484900000000410e-01
1.034768211920529701e+00 9.700657099999999700e-01
1.034126163391933861e+00 9.700057499999999999e-01
1.033484911120297722e+00 9.695837499999999665e-01
1.032844453625284098e+00 9.699282099999999573e-01
1.032204789430222869e+00 9.699320200000000058e-01
1.031565917062100324e+00 9.692969900000000250e-01
1.030927835051546282e+00 9.694689499999999960e-01
1.030290541932824988e+00 9.696183200000000335e-01
1.029654036243822013e+00 9.694747900000000307e-01
1.029018316526034260e+00 9.689251199999999731e-01
1.028383381324557755e+00 9.688649799999999868e-01
1.027749229188078095e+00 9.679979699999999854e-01
1.027115858668857795e+00 9.682948599999999795e-01
1.026483268322726294e+00 9.690998800000000246e-01
1.025851456709068632e+00 9.684329000000000409e-01
1.025220422390814123e+00 9.689039600000000085e-01
1.024590163934426146e+00 9.694476100000000152e-01
1.023960679909891480e+00 9.641901299999999786e-01
1.023331968890708099e+00 9.673864800000000486e-01
1.022704029453876062e+00 9.679694199999999693e-01
1.022076860179885527e+00 9.685293400000000164e-01
1.021450459652706755e+00 9.680432100000000428e-01
1.020824826459779455e+00 9.688126999999999711e-01
1.020199959192001682e+00 9.686994599999999567e-01
1.019575856443719397e+00 9.655533400000000377e-01
1.018952516812716480e+00 9.676824200000000431e-01
1.018329938900203624e+00 9.690022499999999539e-01
1.017708121310808123e+00 9.680073900000000231e-01
1.017087062652562990e+00 9.677290899999999585e-01
1.016466761536897634e+00 9.687182899999999819e-01
1.015847216578626533e+00 9.678656500000000218e-01
1.015228426395939021e+00 9.675726900000000130e-01
1.014610389610389518e+00 9.669543499999999625e-01
1.013993104846887094e+00 9.684407699999999508e-01
1.013376570733684590e+00 9.681499599999999761e-01
1.012760785902369953e+00 9.682308400000000370e-01
1.012145748987854255e+00 9.653356699999999790e-01
1.011531458628363245e+00 9.678936599999999890e-01
1.010917913465426698e+00 9.677627100000000260e-01
1.010305112143867534e+00 9.658894500000000383e-01
1.009693053311793154e+00 9.623379100000000186e-01
1.009081735620585230e+00 9.635661800000000499e-01
1.008471157724889045e+00 9.660811400000000049e-01
1.007861318282604390e+00 9.660781000000000507e-01
1.007252215954875130e+00 9.671301199999999820e-01
1.006643849406080093e+00 9.672600000000000087e-01
1.006036217303822866e+00 9.668616100000000380e-01
1.005429318318922238e+00 9.662563199999999464e-01
1.004823151125401992e+00 9.672088599999999481e-01
1.004217714400482020e+00 9.649518700000000448e-01
1.003613006824568554e+00 9.670319000000000553e-01
1.003009027081243731e+00 9.672836700000000398e-01
1.002405773857257376e+00 9.618406299999999742e-01
1.001803245842516565e+00 9.610859800000000064e-01
1.001201441730076080e+00 9.666867300000000496e-01
1.000600360216129747e+00 9.672539199999999893e-01
1.000000000000000000e+00 9.654292500000000166e-01
