0.000000000000000000e+00 1.000000000000000000e+00 1.000000000000000222e+00
1.000000000000000056e-01 9.964975021494701934e-01 9.876010829544251690e-01
2.000000000000000111e-01 9.860438992612506892e-01 9.510179899499482392e-01
3.000000000000000444e-01 9.687997241289529882e-01 8.920537622776122388e-01
4.000000000000000222e-01 9.450289776176942214e-01 8.135896501824558813e-01
5.000000000000000000e-01 9.150927217965524330e-01 7.194083782937961136e-01
6.000000000000000888e-01 8.794428005488644784e-01 6.139640183681744912e-01
7.000000000000000666e-01 8.386115887791637524e-01 5.021142253155190804e-01
8.000000000000000444e-01 7.932012322401508220e-01 3.888330217393999866e-01
9.000000000000000222e-01 7.438713662142979466e-01 2.789234155434426876e-01
1.000000000000000000e+00 6.913258361653453754e-01 1.767488358498122414e-01
1.100000000000000089e+00 6.362987494459635407e-01 8.600071267202641367e-02
1.200000000000000178e+00 5.795401986772432679e-01 9.516646564782739806e-03
1.300000000000000044e+00 5.218019883918245672e-01 -5.084025209441637994e-02
1.400000000000000133e+00 4.638237752039232609e-01 -9.423482444376971023e-02
1.500000000000000000e+00 4.063199095277043593e-01 -1.208449771736382350e-01
1.600000000000000089e+00 3.499662735316544371e-01 -1.317821442508279872e-01
1.700000000000000178e+00 2.953908804501472196e-01 -1.289552342469922064e-01
1.800000000000000044e+00 2.431632637823554766e-01 -1.148899208113428050e-01
1.900000000000000133e+00 1.937859460269009682e-01 -9.251786916184516485e-02
2.000000000000000000e+00 1.476888656560793600e-01 -6.495206308008659446e-02
2.100000000000000089e+00 1.052251421440700413e-01 -3.526471930797286936e-02
2.200000000000000178e+00 6.666777183015337727e-02 -6.283362632042778159e-03
2.300000000000000266e+00 3.220923628349964957e-02 1.958140614997968404e-02
2.400000000000000355e+00 1.962528865587893304e-03 4.046589266676268309e-02
2.500000000000000000e+00 -2.403643145241232335e-02 5.513413471122702997e-02
2.600000000000000089e+00 -4.582447385176775800e-02 6.300668285142538294e-02
2.700000000000000178e+00 -6.350557548843636935e-02 6.413851081830113099e-02
2.800000000000000266e+00 -7.724519378407138093e-02 5.915102118867247849e-02
2.900000000000000355e+00 -8.726123201563402987e-02 4.912634460628512861e-02
3.000000000000000000e+00 -9.381691098041472499e-02 3.547457453600274396e-02
3.100000000000000089e+00 -9.721243534378683215e-02 1.978607424713066387e-02
3.200000000000000178e+00 -9.777567914800641691e-02 3.681459959507841877e-03
3.300000000000000266e+00 -9.585344610682917932e-02 -1.132868919025553298e-02
3.400000000000000355e+00 -9.180319670762417117e-02 -2.396382858456106921e-02
3.500000000000000000e+00 -8.598507062854837679e-02 -3.326484282156432631e-02
3.600000000000000089e+00 -7.875405785013150917e-02 -3.865133678528081401e-02
3.700000000000000178e+00 -7.045362310023746411e-02 -3.994243143741968427e-02
3.800000000000000266e+00 -6.140956806213156843e-02 -3.734181396373812550e-02
3.900000000000000355e+00 -5.192523560894935636e-02 -3.139070567092053926e-02
4.000000000000000000e+00 -4.227724974676113495e-02 -2.289486728983287575e-02
4.100000000000000533e+00 -3.271267900010114971e-02 -1.283357774638358567e-02
4.200000000000000178e+00 -2.344670719343905016e-02 -2.259577733427341455e-03
4.299999999999999822e+00 -1.466177540834610535e-02 7.800788803914099692e-03
4.400000000000000355e+00 -6.507081821055329257e-03 1.643855555162786544e-02
4.500000000000000000e+00 9.009439608529763634e-04 2.293682121077329078e-02
4.600000000000000533e+00 7.477261436310615912e-03 2.682356047003233920e-02
4.700000000000000178e+00 1.316651339088932386e-02 2.789919398168922565e-02
4.800000000000000711e+00 1.794068309698871808e-02 2.623794768780607356e-02
4.900000000000000355e+00 2.179644113756392526e-02 2.216438846344053262e-02
5.000000000000000000e+00 2.475201969021644660e-02 1.620863901063646431e-02
5.100000000000000533e+00 2.684431864547280958e-02 9.045477449703999417e-03
5.200000000000000178e+00 2.812566681178437292e-02 1.423686647077728167e-03
5.300000000000000711e+00 2.866027022637393507e-02 -5.907441604993497394e-03
5.400000000000000355e+00 2.852164030594565164e-02 -1.226764102231649167e-02
5.500000000000000000e+00 2.778944030338465973e-02 -1.710513685334647330e-02
5.600000000000000533e+00 2.654680748578845673e-02 -2.004114786858804398e-02
5.700000000000000178e+00 2.487792019479422717e-02 -2.089612144930074952e-02
5.800000000000000711e+00 2.286600286545690391e-02 -1.969621417108283895e-02
5.900000000000000355e+00 2.059138098311551549e-02 -1.666039599241873892e-02
