0.000000000000000000e+00 1.000000000000000000e+00 1.000000000000000222e+00
1.000000000000000056e-01 9.870917980686652049e-01 9.964182350336389105e-01
2.000000000000000111e-01 9.490972593510788036e-01 9.857242256363615285e-01
3.000000000000000444e-01 8.881499647981572210e-01 9.680709106184945956e-01
4.000000000000000222e-01 8.076225205097832260e-01 9.437101474038800397e-01
5.000000000000000000e-01 7.118697248887077000e-01 9.129882151080024322e-01
6.000000000000000888e-01 6.059033656645137489e-01 8.763396453713301337e-01
7.000000000000000666e-01 4.950284675881071461e-01 8.342795042086480484e-01
8.000000000000000444e-01 3.844735025639934856e-01 7.873942787731829096e-01
9.000000000000000222e-01 2.790461540387133010e-01 7.363315502800971135e-01
1.000000000000000000e+00 1.828429080937565010e-01 6.817886578095510020e-01
1.100000000000000089e+00 9.903341147930729005e-02 6.245005768240399213e-01
1.200000000000000178e+00 2.973203399799147217e-02 5.652272505944372361e-01
1.300000000000000044e+00 -2.403704463381637485e-02 5.047406220466962301e-01
1.400000000000000133e+00 -6.228846359845416347e-02 4.438116176411496805e-01
1.500000000000000000e+00 -8.595279222219621984e-02 3.831973337192886020e-01
1.600000000000000089e+00 -9.669273057907565305e-02 3.236286693557970939e-01
1.700000000000000178e+00 -9.668821194480610448e-02 2.657986383083824622e-01
1.800000000000000044e+00 -8.840903457101055574e-02 2.103515764467224214e-01
1.900000000000000133e+00 -7.439595499430483316e-02 1.578734404503271682e-01
2.000000000000000000e+00 -5.706916699969340201e-02 1.088833690730693499e-01
2.100000000000000089e+00 -3.857586213324940005e-02 6.382665044211187355e-02
2.200000000000000178e+00 -2.068447842860756877e-02 2.306920832305192279e-02
2.300000000000000266e+00 -4.727637409859926192e-03 -1.310631227184036462e-02
2.400000000000000355e+00 8.411637900360905210e-03 -4.450281360363263217e-02
2.500000000000000000e+00 1.827010138110177553e-02 -7.100935571993048645e-02
2.600000000000000089e+00 2.475229636592847851e-02 -9.260013101222122622e-02
2.700000000000000178e+00 2.805469646904446349e-02 -1.093318581057591138e-01
2.800000000000000266e+00 2.858374222276787238e-02 -1.213396819470910770e-01
2.900000000000000355e+00 2.687291884717866314e-02 -1.288316962025916057e-01
3.000000000000000000e+00 2.351617297551676644e-02 -1.320822303929950203e-01
3.100000000000000089e+00 1.909396259362153986e-02 -1.314240670281709156e-01
3.200000000000000178e+00 1.413970885334583059e-02 -1.272397729216518947e-01
3.300000000000000266e+00 9.105261926809368744e-03 -1.199523434974860414e-01
3.400000000000000355e+00 4.347211993787492533e-03 -1.100153689952443337e-01
3.500000000000000000e+00 1.230078697129838511e-04 -9.790293688018451845e-02
3.600000000000000089e+00 -3.402062949997718914e-03 -8.409948542999091947e-02
3.700000000000000178e+00 -6.142485962258509465e-03 -6.908981945983286299e-02
3.800000000000000266e+00 -8.078453003808060834e-03 -5.334949063096237898e-02
3.900000000000000355e+00 -9.239613981323131081e-03 -3.733573203136276303e-02
4.000000000000000000e+00 -9.690494136990737348e-03 -2.147912007876522783e-02
4.100000000000000533e+00 -9.518819533110825862e-03 -6.176116717867231529e-03
4.200000000000000178e+00 -8.825195267305416605e-03 8.217378122701049850e-03
4.299999999999999822e+00 -7.716935230347957142e-03 2.139135921132725993e-02
4.400000000000000355e+00 -6.302224504288572206e-03 3.308585633476641974e-02
4.500000000000000000e+00 -4.688403110853042732e-03 4.309383296400295243e-02
4.600000000000000533e+00 -2.977780156846495177e-03 5.126282260823378928e-02
4.700000000000000178e+00 -1.268089556247694412e-03 5.749531062040048185e-02
4.800000000000000711e+00 3.531320317640776214e-04 6.174789677699648455e-02
4.900000000000000355e+00 1.805843765974465180e-03 6.402930004410924136e-02
5.000000000000000000e+00 3.024285737397151841e-03 6.439729099642768628e-02
5.100000000000000533e+00 3.957372537136349955e-03 6.295465886935458499e-02
5.200000000000000178e+00 4.571457055584347146e-03 5.984433875804189701e-02
5.300000000000000711e+00 4.852111527741264849e-03 5.524383967035308152e-02
5.400000000000000355e+00 4.804445059553096031e-03 4.935912571751294164e-02
5.500000000000000000e+00 4.453995087855149894e-03 4.241811050043107351e-02
5.600000000000000533e+00 3.843424588649589375e-03 3.466392862797781915e-02
5.700000000000000178e+00 3.030358610485292883e-03 2.634814828569168044e-02
5.800000000000000711e+00 2.082873897919213218e-03 1.772408495094746420e-02
5.900000000000000355e+00 1.074593452865209948e-03 9.040368902760368211e-03
